testw
1.942194676
-0.199763058
-2.681714083
1.058212119
0.752218157
-0.539756349
-2.40971945
0.174229562
0.174229562
1.704199372
0.956214131
-0.641754337
0.480223524
-0.267761716
0.820216815
1.228208764
0.174229562
0.786217486
0.990213461
-0.573755678
0.412224866
0.956214131
0.61622084
1.364206081
0.582221511
0.446224195
0.718218828
0.888215473
0.548222182
0.718218828
-1.28774159
-0.50575702
-1.559736222
-1.423738906
1.126210777
-0.1317644
0.956214131
-0.437758362
-1.321740919
-0.709752995
0.174229562
0.514222853
-0.913748969
0.072231575
-0.165763729
0.582221511
-1.219742931
0.378225537
-1.525736893
-1.28774159
-0.539756349
-0.709752995
0.072231575
0.24222822
-1.015746957
-0.981747628
0.106230904
0.310226878
-0.403759033
-1.967728172
-0.301761045
-0.097765071
-0.199763058
-1.695733539
-0.437758362
0.786217486
-0.913748969
0.718218828
-0.607755007
0.412224866
0.378225537
-1.899729514
-0.233762387
0.310226878
-0.199763058
0.888215473
-0.063765742
1.330206752
-0.471757691
0.378225537
-0.471757691
-1.627734881
0.378225537
-0.573755678
1.058212119
-0.199763058
-0.233762387
0.378225537
-0.097765071
-0.233762387
0.208228891
0.106230904
0.888215473
0.174229562
0.65022017
0.24222822
-2.273722134
1.636200714
0.24222822
-0.641754337
-1.66173421
-0.097765071
0.106230904
1.670200043
-0.913748969
1.636200714
0.718218828
1.534202726
-0.607755007
0.956214131
0.446224195
-0.777751653
-1.083745615
-1.151744273
-1.117744944
0.922214802
1.432204739
0.276227549
0.310226878
0.446224195
-0.097765071
0.24222822
-1.865730184
1.330206752
-0.063765742
0.956214131
0.208228891
-0.267761716
0.276227549
0.514222853
0.276227549
-0.675753666
1.02421279
-0.845750311
-1.831730855
0.310226878
-1.28774159
-0.437758362
-1.083745615
0.514222853
0.65022017
0.548222182
0.004232916
0.854216144
0.378225537
-0.301761045
-1.865730184
-1.185743602
1.840196688
-0.947748299
-2.069726159
-0.845750311
-0.403759033
0.140230233
-1.185743602
-1.049746286
-0.267761716
0.276227549
0.038232246
-0.097765071
-1.457738235
0.038232246
0.24222822
-0.267761716
-0.573755678
0.412224866
-2.307721463
-2.103725488
-1.185743602
-1.763732197
0.956214131
-0.335760375
-2.715713412
0.038232246
-0.199763058
0.480223524
0.140230233
-1.423738906
-1.355740248
-0.607755007
-0.063765742
1.126210777
1.39820541
-0.301761045
-1.457738235
0.208228891
-1.423738906
-1.66173421
-0.267761716
0.514222853
0.378225537
0.497223189
-0.029766413
-0.437758362
-0.233762387
-0.675753666
-0.777751653
0.106230904
-0.607755007
0.786217486
0.854216144
0.140230233
0.548222182
0.344226208
-0.029766413
-0.675753666
0.038232246
-0.1317644
-1.593735552
0.24222822
-0.097765071
-1.899729514
-0.981747628
0.310226878
-2.681714083
-0.539756349
-0.845750311
-0.947748299
-1.015746957
-0.539756349
-0.199763058
0.480223524
-0.743752324
0.174229562
-0.87974964
1.160210106
0.888215473
-2.749712741
1.126210777
-2.613715425
-3.225703349
-1.049746286
-0.709752995
-0.165763729
0.106230904
0.480223524
-0.029766413
0.548222182
1.058212119
1.160210106
1.126210777
1.330206752
-0.097765071
-0.165763729
0.310226878
0.854216144
-2.511717437
0.752218157
-0.233762387
1.126210777
0.174229562
0.310226878
-2.647714754
-0.947748299
-0.233762387
-0.845750311
0.004232916
-1.219742931
-0.369759704
-0.097765071
-1.967728172
-0.811750982
-1.083745615
-1.083745615
-1.389739577
-0.165763729
0.548222182
0.310226878
-0.403759033
0.276227549
0.276227549
0.990213461
-0.063765742
-0.097765071
0.548222182
-0.641754337
0.684219499
0.990213461
-0.335760375
-1.28774159
-1.763732197
0.65022017
0.480223524
0.820216815
-0.063765742
-0.471757691
0.208228891
-1.117744944
0.888215473
-0.097765071
-1.899729514
-0.369759704
-2.273722134
-2.443718779
-0.50575702
-0.165763729
0.276227549
-1.899729514
-1.049746286
-0.675753666
-0.301761045
0.752218157
0.378225537
0.106230904
0.61622084
-1.865730184
-1.729732868
-0.1317644
0.24222822
-1.525736893
-0.301761045
-0.641754337
0.310226878
-0.097765071
-0.777751653
-2.103725488
-0.777751653
-0.437758362
-0.199763058
-0.607755007
-2.579716096
0.106230904
-0.573755678
-0.097765071
0.344226208
-2.511717437
0.378225537
0.582221511
-1.083745615
-0.301761045
-1.865730184
-0.233762387
-2.579716096
-1.117744944
-0.641754337
1.058212119
-0.87974964
-0.335760375
-0.063765742
0.378225537
0.038232246
-0.87974964
-1.967728172
0.582221511
0.582221511
0.446224195
0.446224195
0.106230904
1.160210106
-2.749712741
-2.103725488
0.548222182
0.208228891
-0.607755007
-0.267761716
0.004232916
-1.321740919
0.480223524
-0.811750982
0.480223524
-0.267761716
-0.199763058
-0.301761045
0.446224195
0.140230233
-0.471757691
0.344226208
-0.1317644
0.072231575
-0.403759033
-0.777751653
-1.25374226
0.004232916
-0.709752995
1.39820541
-0.267761716
-0.709752995
0.072231575
-0.335760375
-1.185743602
-0.573755678
-1.117744944
-1.049746286
-0.097765071
0.854216144
0.038232246
0.106230904
-0.267761716
0.344226208
-0.811750982
0.106230904
0.072231575
-0.097765071
-1.695733539
-0.743752324
0.718218828
0.752218157
0.65022017
-0.709752995
0.990213461
0.786217486
0.480223524
-1.219742931
-1.729732868
-1.117744944
-0.675753666
0.446224195
0.548222182
-0.233762387
-0.199763058
0.24222822
0.378225537
-0.845750311
0.922214802
1.228208764
-0.607755007
-1.491737564
-1.151744273
-0.607755007
-4.075686576
0.208228891
1.364206081
-1.593735552
0.752218157
0.752218157
0.922214802
0.038232246
-0.063765742
0.106230904
0.378225537
-0.097765071
-0.165763729
0.480223524
-0.233762387
0.752218157
0.922214802
-1.797731526
0.752218157
0.854216144
-0.539756349
-0.063765742
1.670200043
1.568202055
0.038232246
1.704199372
2.418185283
1.840196688
1.39820541
0.888215473
0.276227549
0.514222853
0.446224195
1.891195682
-1.525736893
0.684219499
0.854216144
0.276227549
1.160210106
0.922214802
0.956214131
1.058212119
-0.165763729
0.208228891
0.038232246
0.276227549
1.058212119
1.092211448
1.568202055
1.364206081
-0.267761716
2.14619065
-0.301761045
0.344226208
0.548222182
-0.369759704
0.61622084
-2.069726159
0.412224866
-1.389739577
-0.50575702
-2.341720792
1.228208764
0.922214802
0.820216815
-0.199763058
-0.777751653
0.582221511
1.466204068
0.004232916
0.174229562
-0.233762387
0.174229562
0.514222853
-2.681714083
0.378225537
0.310226878
0.820216815
-3.293702007
0.956214131
0.106230904
-0.50575702
-1.593735552
0.514222853
0.514222853
-0.233762387
0.61622084
1.466204068
0.820216815
0.446224195
0.412224866
-0.369759704
-0.1317644
-1.695733539
-1.831730855
-2.987708045
-1.559736222
0.446224195
0.582221511
-0.709752995
0.140230233
-1.117744944
-0.471757691
-1.831730855
-0.403759033
-1.321740919
0.310226878
-2.001727501
1.364206081
-1.049746286
0.752218157
-1.28774159
-0.641754337
-0.641754337
-0.777751653
-1.049746286
1.534202726
1.636200714
0.276227549
-0.709752995
0.276227549
0.106230904
0.208228891
-0.063765742
0.548222182
1.602201385
-1.491737564
0.718218828
-2.001727501
-0.063765742
-1.219742931
0.344226208
-2.885710058
0.072231575
-1.049746286
0.786217486
0.208228891
-0.437758362
-0.097765071
-1.559736222
-0.743752324
-0.335760375
1.126210777
-0.233762387
0.208228891
1.02421279
0.61622084
-0.845750311
-1.117744944
0.344226208
-2.477718108
0.888215473
1.228208764
0.072231575
1.296207423
0.412224866
0.038232246
1.194209435
0.61622084
0.344226208
1.296207423
1.058212119
0.344226208
-0.811750982
-0.199763058
0.004232916
1.262208093
-0.777751653
-1.389739577
1.160210106
0.582221511
0.888215473
0.004232916
0.24222822
0.378225537
0.718218828
-1.049746286
-0.1317644
-0.1317644
0.344226208
0.140230233
1.092211448
0.446224195
0.820216815
0.480223524
0.038232246
-0.573755678
-0.777751653
0.820216815
-0.199763058
1.058212119
0.684219499
-0.233762387
0.24222822
0.038232246
0.548222182
1.262208093
0.480223524
0.582221511
0.004232916
0.922214802
0.004232916
0.922214802
-0.165763729
-0.165763729
0.480223524
-0.947748299
0.718218828
0.24222822
0.276227549
0.922214802
-0.437758362
0.854216144
0.038232246
0.582221511
-0.1317644
0.412224866
0.072231575
0.514222853
0.072231575
-0.199763058
-0.641754337
-0.1317644
-0.539756349
0.582221511
0.276227549
-0.267761716
0.922214802
0.990213461
-1.28774159
-0.233762387
-1.049746286
1.296207423
-0.267761716
-0.369759704
1.296207423
-0.199763058
0.004232916
-0.063765742
0.956214131
-1.457738235
0.718218828
0.106230904
-1.389739577
0.208228891
0.378225537
1.058212119
0.106230904
0.378225537
-0.743752324
-0.301761045
1.466204068
-1.967728172
-2.40971945
-1.049746286
-1.083745615
-0.267761716
0.310226878
0.548222182
-0.1317644
-0.811750982
0.174229562
0.24222822
-0.1317644
-0.029766413
-1.151744273
-0.743752324
-2.001727501
0.684219499
0.65022017
0.276227549
-0.777751653
-1.457738235
-0.165763729
0.344226208
-0.1317644
-1.185743602
-0.165763729
-1.457738235
-0.50575702
-0.233762387
1.602201385
-0.097765071
-2.069726159
-0.607755007
-0.301761045
-1.083745615
-0.607755007
-0.097765071
-0.233762387
-0.233762387
0.548222182
-0.675753666
0.310226878
0.038232246
-0.1317644
0.990213461
0.208228891
0.480223524
1.228208764
0.208228891
0.922214802
0.276227549
0.038232246
0.174229562
-0.50575702
0.310226878
1.228208764
-0.199763058
-0.301761045
-0.1317644
-0.335760375
-2.137724817
0.820216815
0.854216144
0.61622084
0.956214131
0.65022017
-0.437758362
0.65022017
0.718218828
0.378225537
-0.539756349
0.548222182
0.344226208
-0.403759033
1.228208764
0.820216815
-1.355740248
0.514222853
-1.66173421
-0.233762387
0.446224195
0.786217486
-0.87974964
0.854216144
-1.083745615
0.140230233
-1.695733539
0.004232916
0.412224866
0.480223524
-1.831730855
0.378225537
-0.981747628
-0.845750311
0.65022017
0.61622084
0.752218157
-1.185743602
0.548222182
0.956214131
0.582221511
-0.063765742
0.684219499
1.126210777
0.548222182
1.02421279
0.684219499
0.174229562
0.412224866
0.956214131
0.65022017
1.007213125
1.058212119
1.466204068
0.582221511
0.922214802
1.092211448
0.072231575
1.602201385
0.752218157
-0.913748969
0.752218157
1.432204739
1.143210442
-0.403759033
1.296207423
-0.50575702
-1.049746286
1.126210777
1.602201385
0.191229227
1.466204068
1.704199372
0.820216815
0.820216815
1.092211448
1.126210777
1.058212119
-0.403759033
1.636200714
1.364206081
-0.165763729
0.208228891
1.126210777
1.126210777
1.092211448
-0.097765071
0.548222182
0.378225537
-0.063765742
0.956214131
0.582221511
-0.165763729
1.534202726
0.004232916
0.854216144
1.364206081
1.228208764
0.174229562
0.820216815
1.075211783
-0.981747628
0.684219499
1.126210777
1.160210106
0.888215473
1.058212119
0.514222853
1.092211448
0.718218828
-0.335760375
1.126210777
0.956214131
0.956214131
1.330206752
0.276227549
1.296207423
-0.709752995
1.228208764
0.922214802
1.364206081
1.194209435
1.296207423
1.296207423
1.432204739
0.922214802
1.092211448
1.364206081
0.106230904
1.058212119
-0.1317644
0.174229562
1.534202726
-0.097765071
0.684219499
0.004232916
-1.185743602
-0.675753666
-0.199763058
-1.25374226
0.004232916
0.446224195
-0.845750311
0.854216144
1.466204068
1.262208093
0.990213461
1.330206752
1.296207423
1.330206752
1.602201385
0.61622084
-0.063765742
-0.1317644
0.446224195
1.296207423
0.820216815
0.446224195
0.412224866
1.262208093
1.704199372
0.582221511
0.140230233
-0.369759704
1.364206081
0.514222853
0.684219499
2.129190986
1.840196688
1.296207423
0.412224866
0.378225537
0.65022017
0.344226208
1.432204739
-0.165763729
-0.50575702
0.378225537
0.582221511
-0.981747628
-1.015746957
-0.709752995
0.480223524
1.228208764
0.990213461
-0.165763729
-0.437758362
0.786217486
-0.675753666
0.718218828
0.072231575
0.140230233
0.990213461
-0.1317644
0.548222182
0.038232246
1.704199372
0.990213461
0.922214802
1.160210106
0.446224195
0.174229562
1.092211448
0.820216815
-0.199763058
0.990213461
0.956214131
0.65022017
1.058212119
-2.817711399
0.718218828
-1.219742931
-2.341720792
-1.525736893
0.888215473
-1.865730184
0.514222853
0.65022017
0.106230904
-0.097765071
-0.233762387
-1.66173421
0.582221511
0.820216815
0.276227549
1.602201385
1.466204068
-0.165763729
-2.069726159
0.208228891
0.61622084
1.092211448
0.956214131
0.922214802
0.344226208
0.548222182
0.61622084
0.004232916
0.582221511
0.106230904
-0.1317644
-0.50575702
-0.063765742
0.514222853
1.704199372
0.038232246
1.126210777
-0.743752324
0.174229562
0.888215473
1.126210777
0.922214802
0.174229562
0.61622084
-1.797731526
1.058212119
0.990213461
0.514222853
0.718218828
-3.293702007
-0.301761045
0.956214131
0.820216815
-0.097765071
0.208228891
1.39820541
0.446224195
1.02421279
1.228208764
1.466204068
0.956214131
1.02421279
1.39820541
1.364206081
-1.083745615
-1.389739577
0.956214131
1.228208764
-0.743752324
0.174229562
0.922214802
0.344226208
-0.233762387
0.990213461
-0.063765742
-0.301761045
-1.151744273
-0.301761045
0.820216815
-2.069726159
-0.675753666
0.24222822
-0.981747628
0.956214131
0.412224866
-0.471757691
-0.301761045
-0.199763058
-0.947748299
-0.029766413
0.888215473
0.61622084
1.160210106
-1.015746957
1.092211448
-0.87974964
0.990213461
0.412224866
0.344226208
-0.301761045
-1.151744273
-0.641754337
-1.25374226
0.684219499
0.310226878
-1.763732197
-1.627734881
0.276227549
-1.899729514
-3.429699323
-3.344701001
-1.015746957
-1.729732868
-1.593735552
-1.28774159
-0.539756349
-1.627734881
-0.947748299
-0.301761045
-0.50575702
-3.395699994
-1.25374226
-0.165763729
-0.335760375
0.208228891
-1.66173421
0.752218157
-0.029766413
0.208228891
0.61622084
1.160210106
0.718218828
0.61622084
-1.083745615
0.786217486
-0.301761045
1.296207423
0.310226878
0.480223524
0.718218828
-0.165763729
1.364206081
-0.233762387
0.786217486
0.786217486
1.194209435
-0.301761045
-0.369759704
-2.664714418
-0.199763058
0.174229562
-0.437758362
0.344226208
0.820216815
0.548222182
0.378225537
0.548222182
-1.491737564
-0.709752995
1.058212119
-0.165763729
-0.063765742
0.820216815
0.514222853
0.276227549
-0.845750311
0.344226208
0.956214131
0.990213461
-0.641754337
0.718218828
0.24222822
-0.573755678
0.548222182
0.344226208
-1.117744944
0.582221511
0.310226878
1.092211448
0.922214802
0.684219499
1.228208764
1.39820541
1.126210777
-0.437758362
-0.845750311
0.276227549
0.684219499
-0.165763729
0.276227549
-0.199763058
-1.525736893
-1.083745615
0.378225537
-1.25374226
-0.165763729
-0.165763729
-0.403759033
-0.403759033
0.820216815
-0.403759033
0.446224195
0.276227549
1.126210777
-0.335760375
-0.267761716
0.412224866
-0.233762387
-0.267761716
0.684219499
-1.559736222
1.092211448
0.038232246
-1.015746957
-0.641754337
0.344226208
-0.063765742
-0.1317644
0.548222182
0.752218157
0.65022017
0.276227549
-1.491737564
0.990213461
0.718218828
0.61622084
0.378225537
0.854216144
1.143210442
0.412224866
0.65022017
0.582221511
0.004232916
0.514222853
-0.199763058
0.718218828
-0.573755678
-1.083745615
0.820216815
0.208228891
0.718218828
0.276227549
1.058212119
1.500203397
0.072231575
-0.573755678
-0.165763729
-0.029766413
0.990213461
1.160210106
0.344226208
1.126210777
-0.165763729
1.058212119
0.480223524
0.378225537
-0.165763729
0.80321715
-0.1317644
-0.335760375
0.412224866
0.582221511
0.004232916
-0.335760375
0.820216815
0.61622084
0.888215473
0.344226208
0.582221511
-0.369759704
-0.335760375
-1.049746286
1.908195346
0.548222182
-0.301761045
0.208228891
0.412224866
0.344226208
-0.981747628
0.922214802
0.208228891
-1.25374226
0.310226878
0.480223524
-4.12668557
-1.950728507
0.24222822
0.038232246
0.582221511
-0.471757691
-0.1317644
-0.369759704
0.344226208
0.174229562
-1.525736893
-0.981747628
0.140230233
0.174229562
0.65022017
0.174229562
-0.267761716
0.344226208
0.854216144
0.446224195
-0.709752995
-0.50575702
-0.1317644
0.446224195
-0.267761716
-0.709752995
-0.845750311
-0.233762387
-2.273722134
-0.063765742
-2.205723476
-1.967728172
-2.698713748
-1.984727836
1.126210777
0.072231575
-1.899729514
1.296207423
-0.437758362
0.820216815
-0.1317644
0.922214802
2.027192998
1.092211448
0.633220505
0.718218828
0.61622084
0.446224195
0.276227549
0.718218828
0.004232916
1.39820541
0.140230233
-0.1317644
-1.219742931
-2.681714083
-1.593735552
0.752218157
0.106230904
-0.097765071
-0.1317644
-0.097765071
1.704199372
0.412224866
-0.437758362
1.262208093
0.480223524
-2.868710393
-1.185743602
0.072231575
-0.267761716
0.888215473
0.582221511
0.497223189
-0.471757691
-0.675753666
0.276227549
-0.335760375
0.106230904
-2.307721463
-0.369759704
-0.675753666
-1.015746957
-1.525736893
0.718218828
1.058212119
0.718218828
-1.117744944
0.310226878
1.500203397
0.956214131
0.752218157
0.786217486
-0.675753666
0.208228891
0.446224195
0.174229562
0.378225537
0.344226208
0.752218157
0.820216815
1.058212119
-0.471757691
1.296207423
1.262208093
-1.015746957
-1.28774159
-0.267761716
0.956214131
-1.321740919
-0.947748299
0.514222853
0.480223524
1.738198701
1.500203397
1.466204068
2.282187967
1.330206752
-1.559736222
-1.151744273
-0.369759704
-1.457738235
-0.063765742
-0.199763058
0.65022017
0.718218828
-0.301761045
1.568202055
-0.301761045
1.602201385
1.058212119
1.636200714
1.738198701
1.262208093
0.922214802
1.296207423
1.77219803
0.786217486
0.956214131
1.228208764
1.092211448
0.854216144
0.446224195
-0.1317644
-0.437758362
-0.437758362
-1.627734881
-0.233762387
-0.726752659
-0.301761045
0.412224866
-1.423738906
1.058212119
0.582221511
1.432204739
1.02421279
1.194209435
0.24222822
1.058212119
1.194209435
0.548222182
1.602201385
1.39820541
0.990213461
1.194209435
-1.695733539
0.174229562
0.225228556
-0.607755007
0.718218828
-0.913748969
1.075211783
-0.539756349
0.140230233
-0.335760375
0.61622084
1.39820541
-0.301761045
0.24222822
-1.117744944
1.194209435
-0.845750311
0.582221511
0.752218157
0.378225537
0.310226878
-0.539756349
1.228208764
0.888215473
0.412224866
-0.811750982
0.752218157
-0.743752324
-0.981747628
0.412224866
-2.307721463
-0.709752995
0.208228891
-0.50575702
0.786217486
-0.369759704
-0.369759704
-3.123705361
-1.66173421
-0.165763729
0.344226208
-0.573755678
0.072231575
0.548222182
-0.233762387
0.24222822
0.65022017
0.548222182
0.820216815
-0.539756349
-0.573755678
0.089231239
-1.185743602
0.038232246
0.140230233
1.330206752
-0.743752324
0.922214802
0.004232916
-0.1317644
0.24222822
-0.50575702
0.140230233
0.820216815
1.194209435
0.446224195
0.038232246
0.106230904
-0.233762387
0.140230233
0.378225537
-0.641754337
0.276227549
0.65022017
0.514222853
0.344226208
0.480223524
0.956214131
-0.199763058
-1.559736222
0.922214802
-1.321740919
1.058212119
0.956214131
0.310226878
0.752218157
0.174229562
0.072231575
0.548222182
1.058212119
0.956214131
1.160210106
-0.063765742
-1.151744273
0.548222182
1.126210777
0.140230233
0.684219499
-0.165763729
0.854216144
0.344226208
1.568202055
0.718218828
0.276227549
-0.607755007
0.446224195
-0.471757691
0.684219499
0.038232246
1.058212119
-0.437758362
0.65022017
0.956214131
0.446224195
0.106230904
-0.539756349
-0.709752995
-0.709752995
-0.267761716
1.194209435
1.364206081
-0.777751653
-0.777751653
-0.913748969
0.786217486
-0.777751653
-0.539756349
1.466204068
1.262208093
0.718218828
0.582221511
1.160210106
0.106230904
1.228208764
0.140230233
0.072231575
0.888215473
-0.845750311
-2.069726159
0.140230233
0.276227549
-0.199763058
-0.029766413
0.990213461
1.568202055
1.39820541
-0.437758362
0.140230233
1.228208764
1.602201385
1.296207423
-1.423738906
1.602201385
1.296207423
1.704199372
1.194209435
-0.301761045
1.500203397
0.548222182
-0.743752324
-1.083745615
1.160210106
0.752218157
-0.046766077
0.888215473
-1.28774159
-1.593735552
-0.709752995
0.684219499
1.058212119
1.092211448
1.02421279
1.177209771
1.39820541
1.364206081
1.262208093
0.208228891
0.208228891
0.072231575
1.500203397
-1.25374226
1.500203397
0.072231575
0.888215473
0.106230904
0.174229562
0.446224195
0.446224195
0.582221511
0.276227549
1.092211448
0.548222182
0.378225537
0.61622084
0.344226208
-0.981747628
0.888215473
0.038232246
0.61622084
1.602201385
-0.233762387
1.602201385
1.602201385
0.684219499
-2.78371207
1.330206752
-0.947748299
0.072231575
-1.049746286
0.24222822
-0.063765742
0.412224866
-0.165763729
-0.403759033
-1.967728172
-0.50575702
-1.219742931
-0.845750311
1.058212119
0.344226208
-1.083745615
0.480223524
-0.607755007
0.480223524
0.412224866
-0.675753666
0.344226208
-0.641754337
0.123230568
-1.28774159
0.004232916
-2.273722134
0.24222822
-0.301761045
-0.539756349
0.140230233
0.514222853
-0.165763729
0.072231575
-0.165763729
0.378225537
-0.301761045
0.480223524
-0.743752324
0.276227549
-0.301761045
-0.573755678
0.310226878
-0.539756349
-0.777751653
-1.627734881
-0.267761716
0.140230233
0.61622084
-2.392719786
-0.50575702
-0.097765071
-0.335760375
-1.117744944
0.514222853
-1.219742931
-1.763732197
-1.117744944
-1.355740248
-1.049746286
0.378225537
0.208228891
0.514222853
0.922214802
-1.355740248
0.61622084
0.922214802
0.038232246
-0.87974964
-1.355740248
-0.199763058
-0.641754337
1.177209771
0.378225537
-0.641754337
0.446224195
-0.573755678
-2.001727501
-1.593735552
0.378225537
0.208228891
0.854216144
-1.117744944
0.038232246
0.514222853
0.990213461
0.446224195
0.61622084
0.276227549
0.140230233
-0.335760375
0.038232246
0.378225537
-1.457738235
-2.205723476
0.61622084
1.160210106
0.61622084
1.228208764
1.228208764
0.514222853
0.922214802
0.752218157
1.568202055
0.61622084
-0.335760375
-0.063765742
0.004232916
-0.573755678
-0.607755007
-0.301761045
-1.083745615
-1.151744273
0.344226208
-1.797731526
0.106230904
-0.199763058
-1.321740919
0.004232916
-1.695733539
0.684219499
-1.559736222
0.820216815
0.888215473
-1.083745615
-0.87974964
1.228208764
-0.777751653
-0.607755007
0.174229562
-1.491737564
-0.403759033
-1.865730184
0.582221511
1.058212119
-0.301761045
-0.675753666
-0.811750982
-1.185743602
-0.369759704
-0.267761716
0.922214802
-1.729732868
-0.403759033
-0.607755007
-1.695733539
-1.729732868
1.126210777
0.378225537
-0.369759704
-0.87974964
-0.063765742
0.276227549
0.378225537
-0.573755678
0.854216144
1.704199372
-0.641754337
-0.097765071
-1.083745615
-0.845750311
-0.947748299
2.027192998
-1.780731862
-2.103725488
-2.307721463
-0.607755007
-1.729732868
0.140230233
0.684219499
0.276227549
0.854216144
-0.301761045
1.160210106
-1.423738906
0.718218828
-0.743752324
-2.324721127
-1.763732197
0.973213796
0.174229562
0.854216144
-0.063765742
0.65022017
-0.1317644
-0.845750311
0.310226878
0.582221511
0.888215473
0.412224866
-0.87974964
-0.369759704
0.922214802
-0.709752995
-2.086725824
-0.743752324
-0.233762387
0.276227549
-0.437758362
0.854216144
-0.539756349
-0.284761381
1.194209435
1.534202726
-1.389739577
-0.097765071
-1.049746286
-0.097765071
-0.029766413
-0.233762387
0.378225537
0.310226878
0.344226208
0.871215809
1.262208093
-0.471757691
-0.097765071
0.718218828
1.058212119
-0.743752324
-0.335760375
0.922214802
-1.219742931
0.072231575
-0.301761045
1.194209435
-0.369759704
-0.87974964
-0.777751653
1.330206752
0.480223524
0.684219499
-1.423738906
0.106230904
-0.097765071
0.752218157
0.990213461
1.041212454
0.752218157
0.786217486
0.820216815
0.412224866
1.041212454
0.956214131
1.262208093
0.106230904
-1.491737564
-0.199763058
0.582221511
-0.233762387
1.262208093
0.24222822
0.718218828
0.038232246
-2.885710058
-2.154724482
0.106230904
-2.749712741
1.160210106
-0.50575702
-1.25374226
0.684219499
-0.165763729
-2.919709387
-1.695733539
-0.947748299
0.752218157
0.106230904
-0.811750982
0.599221176
-1.389739577
-0.199763058
-0.369759704
-1.321740919
-2.732713077
0.820216815
-0.50575702
-0.981747628
-0.029766413
-0.50575702
1.126210777
0.072231575
0.83721648
1.432204739
0.310226878
2.282187967
1.77219803
1.738198701
2.010193334
1.160210106
0.004232916
1.228208764
-0.845750311
-0.165763729
-0.743752324
1.364206081
1.466204068
1.39820541
0.514222853
-0.743752324
-1.015746957
0.038232246
-0.267761716
0.820216815
-0.573755678
-1.491737564
-0.199763058
0.276227549
1.02421279
-1.763732197
-4.415679867
-1.117744944
0.735218492
-0.709752995
-0.063765742
-0.012766748
-2.766712406
-4.619675842
-1.491737564
0.191229227
0.361225872
-1.967728172
-1.25374226
-1.321740919
0.378225537
-0.641754337
-2.171724146
-0.947748299
0.446224195
-0.845750311
-0.199763058
0.446224195
-1.559736222
-0.335760375
0.344226208
0.072231575
0.072231575
-0.50575702
-0.097765071
-0.437758362
-0.50575702
0.378225537
-0.301761045
0.42922453
-0.675753666
0.820216815
0.208228891
-0.335760375
1.228208764
0.038232246
-3.769692614
0.004232916
-1.457738235
-1.083745615
-0.063765742
-1.865730184
-0.267761716
1.02421279
-0.811750982
0.174229562
-0.743752324
-0.165763729
0.038232246
0.412224866
0.310226878
0.378225537
0.820216815
1.092211448
-1.25374226
1.092211448
-2.052726495
-2.817711399
0.514222853
-2.018727165
-3.37870033
-1.28774159
0.072231575
-3.786692279
-0.947748299
0.24222822
-1.797731526
-0.845750311
-1.559736222
0.344226208
-0.233762387
0.038232246
0.004232916
-0.947748299
-1.25374226
-1.865730184
-1.491737564
-0.369759704
-1.083745615
0.310226878
-0.437758362
-0.947748299
-2.001727501
-2.426719115
0.072231575
-0.641754337
-0.743752324
-1.66173421
-0.335760375
1.806197359
1.39820541
