width
0.591566421
-0.945801647
-1.765731283
-0.382100022
-1.048292852
-1.202029658
-2.073204897
-0.79206484
0.181601603
0.642812024
-1.048292852
-1.099538454
-0.740819238
-0.023380806
0.130356001
-0.535836829
-0.894556045
-0.33085442
-0.125872011
-0.484591227
-0.894556045
-0.023380806
-0.740819238
-0.125872011
-0.740819238
-0.587082431
-0.79206484
1.92395208
-0.79206484
-0.740819238
-0.433345624
0.130356001
-0.945801647
0.437829614
0.079110399
0.027864796
-0.689573636
0.899040035
1.155268046
2.180180092
1.872706478
-0.382100022
-0.023380806
1.667724069
0.079110399
0.079110399
1.257759251
0.950285637
0.540320819
-0.177117613
1.92395208
2.026443285
0.386584012
1.821460876
0.79654883
0.745303228
0.642812024
-0.33085442
-0.074626408
-0.587082431
1.872706478
1.309004853
1.46274166
-0.689573636
-0.638328033
-0.279608817
-0.33085442
-0.33085442
-1.304520863
0.591566421
-1.048292852
-0.228363215
0.079110399
1.872706478
-0.843310442
0.642812024
0.79654883
0.181601603
-1.202029658
0.694057626
3.102600933
-0.689573636
-1.099538454
-0.945801647
0.489075217
1.052776842
0.181601603
0.591566421
1.975197683
0.232847205
0.232847205
0.33533841
1.821460876
0.79654883
1.206513649
-0.023380806
0.232847205
0.591566421
2.59014491
1.309004853
-2.380678511
-0.228363215
0.694057626
0.079110399
0.027864796
0.181601603
0.079110399
0.591566421
0.950285637
-0.484591227
1.718969671
-1.099538454
1.052776842
0.079110399
0.79654883
0.489075217
-0.228363215
-0.125872011
-0.740819238
0.489075217
-1.253275261
1.155268046
-0.33085442
0.027864796
-1.253275261
0.489075217
0.33533841
-1.45825767
3.205092137
-0.843310442
1.360250455
-0.125872011
0.591566421
-1.048292852
-0.945801647
0.489075217
-1.355766465
0.540320819
0.284092808
-0.535836829
-0.843310442
-0.79206484
0.694057626
1.206513649
0.899040035
0.642812024
-0.79206484
0.027864796
0.130356001
-0.894556045
-1.099538454
0.489075217
1.821460876
2.128934489
0.591566421
-0.023380806
1.872706478
-1.150784056
0.950285637
0.027864796
0.540320819
-0.433345624
2.128934489
2.180180092
1.360250455
1.770215274
-0.535836829
-0.382100022
0.284092808
0.232847205
1.309004853
0.950285637
-0.125872011
1.052776842
0.540320819
0.232847205
-0.177117613
-0.33085442
-0.79206484
-1.150784056
0.181601603
-0.535836829
2.128934489
-1.765731283
-2.636906522
-0.382100022
-1.099538454
-1.150784056
-0.33085442
0.899040035
2.180180092
2.718258916
0.591566421
-1.816976886
2.538899308
1.872706478
1.309004853
0.847794433
0.232847205
1.513987262
-0.484591227
-0.79206484
-0.125872011
-1.714485681
0.027864796
-1.560748874
2.948864126
-0.33085442
-0.279608817
0.284092808
1.513987262
-1.868222488
-0.587082431
-0.074626408
-0.433345624
-0.382100022
-1.611994477
-0.074626408
-0.023380806
0.899040035
0.284092808
0.386584012
0.950285637
-0.484591227
-0.587082431
0.079110399
-0.177117613
-1.91946809
-0.433345624
-1.150784056
-1.355766465
-0.894556045
1.411496058
1.257759251
1.718969671
0.642812024
-0.177117613
0.437829614
-0.433345624
0.181601603
-0.484591227
-0.997047249
-0.638328033
0.232847205
0.130356001
-0.382100022
-0.125872011
-1.355766465
0.181601603
1.975197683
0.899040035
0.540320819
-1.048292852
0.284092808
0.079110399
-0.382100022
0.745303228
-0.33085442
1.309004853
1.872706478
1.411496058
0.027864796
-1.355766465
-1.304520863
1.206513649
1.052776842
1.411496058
0.745303228
0.642812024
0.745303228
-0.074626408
2.180180092
0.745303228
-0.33085442
-0.228363215
0.79654883
-0.125872011
0.694057626
1.257759251
-0.484591227
-0.023380806
1.513987262
-0.177117613
0.694057626
-0.433345624
-0.279608817
0.694057626
-0.279608817
0.950285637
0.130356001
-1.663240079
-1.048292852
-0.177117613
-0.740819238
1.155268046
-0.125872011
-0.740819238
-0.279608817
0.642812024
-0.177117613
-1.45825767
-0.382100022
-0.79206484
-1.611994477
-0.689573636
-0.843310442
-1.099538454
-0.177117613
-0.382100022
-1.407012067
-0.279608817
-0.33085442
-0.382100022
-0.945801647
0.284092808
-0.638328033
-0.33085442
-0.535836829
0.130356001
-0.177117613
0.386584012
2.333916899
1.92395208
1.718969671
0.386584012
-0.945801647
-0.997047249
1.411496058
0.079110399
0.284092808
0.181601603
0.33533841
-0.125872011
-0.894556045
-0.228363215
-0.125872011
-0.945801647
-0.79206484
1.309004853
-0.79206484
-0.023380806
-0.740819238
-1.868222488
-0.535836829
-1.150784056
-0.997047249
-0.638328033
-1.048292852
-2.380678511
-2.380678511
-2.124450499
-1.150784056
-1.048292852
0.591566421
-0.177117613
1.411496058
0.232847205
-0.79206484
1.052776842
0.745303228
1.667724069
1.052776842
1.46274166
0.540320819
1.718969671
1.360250455
1.770215274
1.770215274
2.231425694
0.591566421
0.745303228
-2.329432908
0.745303228
-0.228363215
0.847794433
0.33533841
-0.484591227
0.694057626
-1.663240079
0.847794433
0.489075217
1.001531239
0.694057626
1.616478467
2.231425694
1.513987262
1.92395208
2.077688887
-1.304520863
-0.023380806
1.92395208
2.59014491
-0.79206484
0.130356001
1.718969671
1.001531239
1.001531239
-0.587082431
-1.253275261
-0.894556045
2.436408103
0.79654883
0.437829614
1.206513649
0.079110399
0.847794433
-1.048292852
-1.202029658
0.540320819
0.847794433
-1.048292852
-1.099538454
-0.228363215
-0.125872011
-0.843310442
-0.689573636
-1.765731283
-0.638328033
-0.074626408
-2.021959295
-1.202029658
-0.125872011
-0.484591227
-0.33085442
1.360250455
-0.945801647
-0.228363215
-0.228363215
-1.970713692
-0.484591227
-1.91946809
1.206513649
-0.023380806
0.489075217
-0.433345624
-0.689573636
-2.278187306
-0.843310442
0.642812024
-0.689573636
-0.433345624
-0.074626408
0.027864796
-0.228363215
0.950285637
0.745303228
1.052776842
0.232847205
0.181601603
-0.023380806
1.257759251
-0.177117613
0.130356001
-0.433345624
-0.638328033
-0.484591227
1.155268046
-0.433345624
1.718969671
0.437829614
1.309004853
-0.843310442
-0.484591227
1.718969671
-0.228363215
-1.048292852
1.513987262
-0.279608817
0.540320819
-0.997047249
1.052776842
0.437829614
1.718969671
-0.33085442
-1.304520863
-0.279608817
-0.740819238
0.181601603
-0.382100022
0.232847205
2.180180092
-0.382100022
1.718969671
0.642812024
1.513987262
-1.611994477
-0.638328033
0.027864796
-0.894556045
0.79654883
1.667724069
0.489075217
-0.945801647
-1.509503272
-0.228363215
-0.33085442
0.027864796
-0.79206484
-0.023380806
0.386584012
0.027864796
-0.79206484
-0.689573636
-0.689573636
-0.843310442
0.027864796
-0.33085442
0.642812024
0.079110399
-0.33085442
-1.048292852
-1.560748874
-0.074626408
-0.484591227
-0.79206484
1.667724069
-0.484591227
0.540320819
0.33533841
0.33533841
-0.228363215
-1.91946809
-0.894556045
-0.433345624
-1.099538454
0.847794433
-0.382100022
-0.125872011
-1.765731283
-1.868222488
-0.79206484
-0.894556045
-0.843310442
-0.433345624
-1.714485681
-0.279608817
-0.33085442
0.386584012
-0.894556045
-0.023380806
1.667724069
1.770215274
-1.816976886
-0.79206484
0.284092808
-1.816976886
-0.638328033
-2.073204897
-0.023380806
-0.125872011
0.642812024
0.079110399
0.694057626
-1.868222488
1.872706478
-1.150784056
-0.484591227
0.181601603
-0.79206484
-1.45825767
1.206513649
0.027864796
-0.535836829
-0.740819238
0.232847205
-0.023380806
2.026443285
2.487653705
0.847794433
-1.509503272
-1.099538454
-0.177117613
0.079110399
-0.945801647
-0.587082431
-1.150784056
0.284092808
2.436408103
-0.638328033
0.33533841
-0.074626408
1.206513649
-1.202029658
-1.253275261
1.718969671
-0.79206484
-1.407012067
-0.945801647
-0.177117613
-0.740819238
-0.638328033
-0.79206484
-1.048292852
-0.228363215
-0.433345624
-0.433345624
-0.894556045
-0.587082431
-1.048292852
-1.099538454
-1.509503272
-1.355766465
-1.304520863
-0.740819238
-1.048292852
-1.45825767
-1.202029658
0.386584012
-1.407012067
-0.740819238
-1.150784056
-1.099538454
-2.073204897
-0.638328033
-0.279608817
-0.535836829
-0.894556045
0.027864796
-0.740819238
-0.843310442
-0.894556045
-1.048292852
-0.587082431
-0.279608817
-1.099538454
-2.021959295
-0.484591227
-0.740819238
-0.79206484
-0.125872011
-1.560748874
-1.048292852
-0.843310442
-0.535836829
-1.304520863
-0.433345624
-1.355766465
-0.228363215
-0.023380806
-0.382100022
-1.099538454
-1.048292852
-1.150784056
-0.843310442
-0.484591227
-1.202029658
-0.894556045
-0.33085442
-0.79206484
-0.689573636
-0.945801647
-0.177117613
-1.202029658
-0.177117613
-0.33085442
-0.894556045
-1.150784056
-0.484591227
-0.023380806
-0.79206484
-0.740819238
-0.535836829
-1.355766465
-0.125872011
-1.304520863
0.284092808
-1.45825767
-1.253275261
-1.253275261
-0.587082431
0.437829614
-0.997047249
-1.611994477
-0.894556045
-0.945801647
-1.048292852
-1.150784056
-0.535836829
0.079110399
-0.125872011
-0.535836829
0.181601603
-0.997047249
-0.484591227
0.130356001
-0.638328033
-1.253275261
-0.894556045
-0.740819238
1.052776842
-0.689573636
-1.45825767
-0.433345624
0.027864796
-0.689573636
-0.587082431
-1.355766465
-1.611994477
-0.382100022
-0.33085442
-0.484591227
-0.535836829
-0.740819238
-0.945801647
-0.382100022
-1.407012067
-1.253275261
-0.228363215
-1.560748874
-0.33085442
0.437829614
-0.535836829
0.33533841
-1.816976886
-1.304520863
-0.535836829
0.181601603
-1.560748874
-1.099538454
-1.560748874
-0.894556045
-0.638328033
-1.253275261
-1.407012067
0.079110399
-0.587082431
-0.535836829
-1.150784056
-1.150784056
-1.150784056
-0.689573636
-0.689573636
0.745303228
0.642812024
-0.843310442
-0.740819238
-0.945801647
-1.611994477
-1.048292852
0.181601603
-1.868222488
-0.740819238
-0.433345624
-0.587082431
-1.509503272
-0.433345624
0.079110399
-0.843310442
-0.843310442
-1.714485681
-0.79206484
-0.433345624
-0.433345624
-1.048292852
-0.074626408
-0.023380806
-0.740819238
-1.099538454
-1.45825767
-0.33085442
0.181601603
-1.253275261
-0.997047249
-0.638328033
-3.815555374
-1.099538454
-0.33085442
-0.433345624
-1.91946809
-0.484591227
-1.45825767
-0.689573636
-0.382100022
-1.099538454
-1.099538454
-0.997047249
-0.433345624
0.284092808
-0.484591227
-1.355766465
-0.279608817
-1.099538454
2.180180092
0.899040035
-0.279608817
-0.535836829
-0.33085442
-0.125872011
-1.099538454
-0.074626408
-0.587082431
-1.91946809
0.33533841
0.489075217
0.56594362
-0.484591227
0.642812024
-1.816976886
-0.689573636
0.284092808
-0.074626408
1.898329279
0.489075217
0.130356001
-0.177117613
-0.79206484
-0.535836829
0.694057626
-0.484591227
-0.228363215
-0.074626408
-0.33085442
-1.611994477
-0.894556045
-0.279608817
0.386584012
0.079110399
0.027864796
-0.79206484
0.232847205
-1.355766465
-0.228363215
-0.279608817
-0.740819238
-0.228363215
-0.740819238
-1.253275261
0.284092808
-0.228363215
-0.843310442
-0.33085442
2.154557291
0.181601603
-0.279608817
0.027864796
0.130356001
0.284092808
-0.279608817
-0.689573636
-0.023380806
-0.074626408
-0.638328033
0.437829614
0.130356001
-0.587082431
-0.228363215
0.694057626
-0.484591227
-1.611994477
0.079110399
-0.638328033
0.027864796
-0.228363215
0.181601603
-0.023380806
0.079110399
-0.587082431
0.284092808
0.181601603
-0.125872011
-0.484591227
0.694057626
-0.023380806
-0.125872011
0.745303228
1.104022444
0.745303228
-0.740819238
1.052776842
-0.945801647
-0.740819238
-0.125872011
-1.816976886
-0.228363215
-0.023380806
-0.228363215
-0.177117613
-0.535836829
0.079110399
-0.074626408
-0.33085442
-0.228363215
-0.382100022
-0.843310442
-0.587082431
-0.689573636
-0.228363215
-0.433345624
0.181601603
-0.535836829
-0.433345624
-0.433345624
-0.433345624
-1.560748874
-1.714485681
0.181601603
-0.228363215
-0.535836829
0.130356001
0.130356001
0.79654883
-0.843310442
-0.279608817
-0.023380806
0.232847205
-0.177117613
-1.099538454
-1.560748874
-1.150784056
-0.997047249
-1.611994477
-1.048292852
-1.45825767
-0.33085442
0.130356001
0.899040035
-2.226941704
0.437829614
0.540320819
-1.407012067
0.591566421
0.899040035
-1.099538454
-0.587082431
-1.560748874
-0.535836829
-1.816976886
-0.382100022
-0.433345624
0.130356001
0.386584012
-1.099538454
-0.997047249
0.540320819
-0.945801647
0.130356001
0.33533841
-0.125872011
-0.33085442
0.386584012
-2.329432908
0.489075217
-0.484591227
-2.073204897
-1.765731283
1.975197683
-1.91946809
0.027864796
0.745303228
-1.407012067
-0.740819238
-0.843310442
-1.560748874
-0.382100022
-0.433345624
0.386584012
0.130356001
-0.125872011
-0.997047249
-0.843310442
0.079110399
-0.382100022
-0.587082431
-0.433345624
-0.997047249
-1.560748874
-1.509503272
0.437829614
-0.023380806
-0.33085442
-0.433345624
-1.611994477
0.79654883
-0.740819238
0.33533841
0.079110399
-0.33085442
0.899040035
0.540320819
0.130356001
-0.740819238
-0.125872011
0.027864796
-0.433345624
-0.074626408
-0.894556045
-0.433345624
-0.074626408
-0.484591227
0.33533841
0.463452416
-0.228363215
-0.023380806
-0.843310442
-1.202029658
-0.689573636
-0.740819238
-0.279608817
-0.382100022
-0.33085442
-0.79206484
-0.177117613
-0.228363215
-1.048292852
-0.177117613
-0.177117613
1.206513649
-1.048292852
-0.638328033
-0.177117613
-0.484591227
0.181601603
-0.587082431
0.694057626
-0.535836829
1.718969671
-0.689573636
-0.228363215
0.745303228
0.027864796
-1.304520863
0.899040035
1.872706478
0.232847205
-0.074626408
-1.560748874
-1.868222488
-0.587082431
-1.765731283
-1.099538454
-1.355766465
-0.33085442
-1.45825767
-0.587082431
-2.226941704
0.130356001
0.181601603
2.026443285
-0.074626408
-1.202029658
1.257759251
-0.382100022
0.33533841
-0.535836829
-0.535836829
1.155268046
-0.177117613
0.694057626
0.540320819
1.46274166
0.514698018
-2.329432908
1.206513649
1.667724069
0.181601603
-0.843310442
-0.740819238
-1.202029658
-0.638328033
0.181601603
-0.023380806
0.33533841
0.899040035
0.489075217
2.180180092
-0.433345624
0.591566421
0.745303228
0.591566421
2.077688887
0.694057626
1.46274166
1.206513649
1.92395208
0.745303228
-0.382100022
-0.279608817
-0.382100022
1.155268046
0.027864796
1.872706478
0.284092808
-0.484591227
-1.253275261
-0.177117613
0.130356001
0.079110399
-1.099538454
-0.740819238
-1.176406857
-0.740819238
-1.099538454
1.257759251
1.155268046
-0.023380806
1.616478467
-0.689573636
-0.79206484
-1.970713692
-0.023380806
-0.279608817
-0.843310442
-0.177117613
-1.150784056
-0.79206484
1.872706478
0.489075217
0.33533841
0.181601603
-1.816976886
-0.638328033
-0.535836829
-1.202029658
-1.45825767
-1.509503272
-0.740819238
0.33533841
-0.894556045
-1.099538454
-0.074626408
-0.023380806
-0.279608817
0.079110399
0.79654883
-0.279608817
0.540320819
-1.45825767
-0.638328033
1.155268046
0.899040035
-0.177117613
0.232847205
-1.048292852
0.181601603
0.694057626
-0.228363215
0.386584012
0.386584012
0.899040035
-0.79206484
0.437829614
0.694057626
1.001531239
0.79654883
1.309004853
0.33533841
-1.150784056
0.437829614
0.899040035
0.847794433
-0.074626408
0.642812024
0.489075217
0.181601603
-1.099538454
-0.945801647
0.79654883
1.718969671
0.079110399
0.437829614
1.718969671
1.718969671
-0.587082431
-1.91946809
-0.535836829
0.33533841
1.872706478
0.591566421
2.180180092
1.898329279
1.667724069
1.616478467
1.513987262
-0.023380806
1.46274166
-1.099538454
-1.048292852
1.052776842
-0.023380806
1.206513649
-0.125872011
0.437829614
-0.33085442
1.104022444
1.565232864
-0.33085442
0.284092808
-0.074626408
-0.484591227
-0.433345624
-0.33085442
-0.894556045
-0.023380806
-0.638328033
-0.535836829
0.130356001
-0.33085442
-0.33085442
0.540320819
-1.150784056
0.437829614
0.027864796
1.155268046
-0.740819238
1.411496058
0.130356001
-0.074626408
-0.587082431
0.950285637
-0.33085442
-1.253275261
1.052776842
-0.484591227
0.79654883
-1.150784056
0.386584012
-0.535836829
0.232847205
-0.074626408
0.899040035
0.130356001
0.540320819
-0.177117613
-0.587082431
-0.740819238
-2.021959295
-0.817687641
0.284092808
0.232847205
-0.535836829
-0.945801647
-0.894556045
0.284092808
-0.740819238
-0.843310442
-0.638328033
0.232847205
-0.484591227
-0.228363215
-0.894556045
-0.382100022
-1.509503272
-0.638328033
-0.279608817
0.847794433
-0.689573636
-1.355766465
-1.150784056
1.411496058
-1.45825767
0.437829614
0.437829614
-0.843310442
-0.228363215
0.694057626
-0.33085442
-0.228363215
-0.56145963
-1.611994477
0.437829614
0.79654883
-0.689573636
0.437829614
-0.177117613
0.540320819
-0.382100022
0.232847205
-0.049003607
0.694057626
2.154557291
0.847794433
1.052776842
0.181601603
1.360250455
1.001531239
1.565232864
1.309004853
1.513987262
1.975197683
0.591566421
-0.125872011
-0.023380806
0.694057626
1.46274166
1.206513649
2.410785302
2.948864126
0.591566421
2.974486927
2.128934489
-0.382100022
0.437829614
-0.945801647
0.386584012
1.155268046
-0.279608817
1.411496058
0.899040035
2.410785302
2.436408103
1.257759251
0.899040035
0.719680427
2.948864126
1.360250455
1.411496058
-0.433345624
-1.509503272
0.027864796
-0.177117613
0.489075217
0.591566421
-0.023380806
-0.740819238
0.284092808
0.437829614
-0.79206484
0.232847205
-0.33085442
-0.535836829
-0.228363215
0.899040035
1.309004853
-0.279608817
0.079110399
0.694057626
1.411496058
2.077688887
0.027864796
0.489075217
0.437829614
0.284092808
0.386584012
0.130356001
1.001531239
-1.253275261
0.130356001
1.104022444
0.33533841
0.540320819
0.540320819
0.130356001
0.899040035
-0.894556045
1.360250455
0.847794433
-1.407012067
1.104022444
0.79654883
0.899040035
0.591566421
-1.355766465
1.155268046
-0.125872011
1.46274166
0.079110399
-0.125872011
-0.125872011
0.540320819
0.33533841
-0.484591227
-0.356477221
1.616478467
0.002241995
0.79654883
0.899040035
-0.125872011
-0.33085442
1.155268046
-0.484591227
-0.125872011
-0.177117613
0.489075217
-0.33085442
2.538899308
0.79654883
1.872706478
0.642812024
0.745303228
0.130356001
-0.228363215
0.591566421
0.079110399
0.386584012
0.181601603
0.79654883
0.694057626
0.591566421
0.027864796
0.33533841
-1.714485681
-0.997047249
-1.330143664
-1.150784056
-1.355766465
-0.997047249
-0.587082431
-0.484591227
0.694057626
0.232847205
-0.997047249
0.386584012
1.104022444
-1.407012067
0.130356001
1.718969671
-1.355766465
1.206513649
0.950285637
2.077688887
0.591566421
1.155268046
-0.177117613
0.33533841
-0.279608817
1.565232864
1.667724069
0.489075217
-0.894556045
1.360250455
-0.382100022
-0.587082431
2.128934489
-0.484591227
-0.074626408
-0.023380806
-0.433345624
0.284092808
-1.509503272
1.052776842
1.69334687
1.718969671
-0.177117613
0.079110399
-0.638328033
1.001531239
0.79654883
0.130356001
-1.150784056
2.205802893
1.718969671
1.385873257
0.232847205
0.027864796
1.309004853
-0.023380806
1.46274166
0.591566421
1.309004853
-0.638328033
-1.150784056
-1.202029658
-1.407012067
-1.355766465
-0.125872011
-0.228363215
-1.611994477
0.386584012
1.616478467
0.181601603
0.284092808
-0.535836829
0.130356001
-0.997047249
1.309004853
0.079110399
0.642812024
0.489075217
0.181601603
-0.228363215
0.079110399
-0.535836829
0.079110399
0.284092808
0.232847205
-0.535836829
0.489075217
0.181601603
0.130356001
0.899040035
2.128934489
1.46274166
0.694057626
1.309004853
0.284092808
0.591566421
0.386584012
0.437829614
0.79654883
0.642812024
1.206513649
-0.535836829
-0.587082431
0.489075217
0.899040035
-0.638328033
-0.894556045
1.513987262
-1.253275261
-0.535836829
-0.689573636
-1.150784056
-0.177117613
-0.997047249
-1.202029658
-0.023380806
-1.663240079
-0.535836829
-0.740819238
0.130356001
-0.945801647
-1.150784056
-0.843310442
0.284092808
0.181601603
-2.278187306
-0.484591227
-0.587082431
-0.484591227
-0.023380806
-0.177117613
-0.074626408
-0.023380806
0.489075217
-1.407012067
0.027864796
-0.484591227
0.33533841
-1.868222488
0.181601603
0.847794433
-0.125872011
-0.484591227
0.130356001
-0.177117613
0.437829614
-1.202029658
-0.484591227
-0.177117613
0.232847205
1.052776842
1.309004853
0.027864796
0.33533841
0.284092808
0.437829614
-0.79206484
0.079110399
-0.587082431
0.33533841
-0.177117613
0.181601603
-0.228363215
-0.100249209
1.129645245
-0.433345624
-0.33085442
0.284092808
-0.433345624
-0.433345624
0.232847205
-0.177117613
0.642812024
0.027864796
1.104022444
0.694057626
-0.689573636
-1.611994477
1.513987262
-0.433345624
1.052776842
0.181601603
0.027864796
-0.945801647
-0.177117613
0.540320819
-0.382100022
0.33533841
-0.843310442
-0.177117613
-0.689573636
0.694057626
-0.228363215
-0.689573636
0.181601603
-0.382100022
0.899040035
1.155268046
1.206513649
0.591566421
0.232847205
0.386584012
-0.33085442
0.284092808
-0.074626408
-0.843310442
-0.535836829
-0.638328033
-0.279608817
-0.074626408
-0.484591227
0.437829614
0.130356001
-0.79206484
1.46274166
-0.279608817
-0.177117613
-0.382100022
1.155268046
1.104022444
0.642812024
0.617189222
0.284092808
0.386584012
0.33533841
1.104022444
1.001531239
-1.150784056
1.69334687
0.386584012
-0.279608817
-0.79206484
-0.074626408
0.386584012
-0.279608817
0.540320819
0.745303228
0.130356001
0.847794433
1.257759251
1.052776842
1.360250455
0.847794433
0.540320819
0.027864796
0.027864796
0.079110399
0.027864796
1.206513649
0.437829614
-1.048292852
0.642812024
0.437829614
0.642812024
-0.740819238
1.616478467
0.027864796
1.616478467
0.950285637
1.257759251
-0.535836829
-1.048292852
-0.177117613
-1.099538454
0.181601603
-0.177117613
-0.382100022
0.694057626
2.026443285
-1.970713692
0.027864796
-0.279608817
-1.663240079
-1.714485681
-2.073204897
-1.714485681
-1.560748874
0.540320819
-0.843310442
-1.611994477
0.591566421
-1.407012067
-2.278187306
-0.997047249
-0.382100022
-0.279608817
0.437829614
-1.150784056
-1.150784056
-1.150784056
0.079110399
-0.79206484
0.437829614
1.667724069
-1.407012067
-1.868222488
0.079110399
-0.074626408
-1.202029658
-0.202740414
-0.279608817
2.231425694
1.718969671
2.128934489
1.513987262
1.975197683
1.667724069
1.052776842
0.386584012
1.155268046
-0.945801647
-0.125872011
-0.843310442
-1.407012067
0.950285637
0.284092808
0.437829614
-0.997047249
0.437829614
-0.125872011
-0.023380806
-0.074626408
0.899040035
-0.433345624
-0.843310442
0.284092808
-1.816976886
1.46274166
0.899040035
-0.689573636
0.899040035
1.257759251
0.130356001
-0.535836829
0.181601603
-0.125872011
-0.382100022
-0.997047249
0.079110399
-0.125872011
0.694057626
0.386584012
-1.663240079
-0.023380806
0.181601603
1.001531239
0.284092808
-1.560748874
-0.689573636
-0.228363215
0.33533841
0.309715609
-0.689573636
-0.074626408
-0.638328033
0.33533841
-0.023380806
0.33533841
0.33533841
-0.33085442
-0.279608817
0.232847205
-0.023380806
0.130356001
0.130356001
0.130356001
-1.816976886
0.412206813
-0.356477221
-1.483880471
-1.073915653
0.489075217
-0.997047249
-0.177117613
-0.945801647
-0.689573636
1.052776842
-0.228363215
2.128934489
-1.099538454
2.180180092
-0.843310442
-1.740108482
0.950285637
1.898329279
0.694057626
1.821460876
-0.382100022
-0.33085442
0.847794433
0.437829614
1.565232864
0.694057626
-0.535836829
1.155268046
-0.177117613
-0.587082431
-0.740819238
-0.535836829
-1.407012067
-0.125872011
0.437829614
0.284092808
-0.228363215
2.487653705
0.33533841
1.001531239
0.694057626
0.33533841
-0.228363215
0.33533841
0.719680427
-0.382100022
-0.074626408
0.540320819
0.130356001
0.899040035
1.513987262
1.129645245
0.437829614
2.128934489
0.181601603
1.92395208
0.232847205
0.899040035
0.437829614
2.026443285
-0.997047249
0.642812024
1.104022444
1.821460876
2.128934489
1.590855666
0.284092808
-0.023380806
0.386584012
-0.33085442
1.411496058
2.103311688
1.565232864
-0.433345624
2.59014491
3.102600933
2.385162501
-0.023380806
1.718969671
1.718969671
1.46274166
1.770215274
0.33533841
1.180890847
-0.074626408
0.540320819
0.027864796
0.540320819
0.79654883
1.46274166
1.975197683
0.489075217
-0.587082431
0.412206813
1.411496058
-1.330143664
1.616478467
-0.33085442
0.33533841
1.565232864
0.181601603
0.412206813
0.232847205
0.130356001
0.33533841
1.001531239
0.847794433
0.591566421
1.155268046
0.489075217
1.001531239
-0.535836829
-1.611994477
0.899040035
0.950285637
0.694057626
-0.177117613
0.591566421
0.540320819
1.155268046
2.538899308
1.001531239
0.745303228
0.284092808
0.463452416
0.284092808
0.899040035
-0.023380806
1.821460876
1.770215274
1.667724069
-0.535836829
-0.740819238
0.027864796
1.104022444
1.206513649
1.513987262
-0.433345624
0.591566421
0.642812024
1.001531239
0.950285637
2.180180092
0.745303228
1.309004853
2.692636115
0.437829614
-1.407012067
-0.997047249
2.436408103
3.102600933
-0.228363215
2.692636115
3.153846535
-0.253986016
-1.355766465
0.284092808
3.05135533
2.897618524
-0.945801647
-1.253275261
-0.535836829
1.795838075
-1.048292852
-0.125872011
-1.765731283
-0.945801647
-0.843310442
-0.689573636
0.386584012
-1.663240079
-0.484591227
1.513987262
0.33533841
0.489075217
-0.279608817
-0.074626408
2.180180092
1.975197683
-1.150784056
1.667724069
1.69334687
2.436408103
1.770215274
0.130356001
-0.740819238
-0.433345624
-0.843310442
-0.612705232
0.232847205
-0.484591227
-0.535836829
-0.689573636
0.79654883
-0.382100022
-0.433345624
0.33533841
-0.484591227
-0.535836829
-0.945801647
-0.484591227
-0.177117613
-0.074626408
0.79654883
-0.228363215
-0.125872011
-0.945801647
-0.125872011
-1.330143664
-0.79206484
1.667724069
-0.894556045
-1.68886288
-1.150784056
0.079110399
-0.971424448
-0.638328033
0.386584012
0.540320819
0.386584012
1.565232864
2.3595397
0.489075217
1.001531239
1.206513649
1.309004853
-0.33085442
-0.177117613
-0.279608817
-0.33085442
0.950285637
-1.560748874
1.257759251
0.079110399
-1.099538454
0.130356001
1.411496058
0.591566421
2.180180092
0.130356001
1.104022444
0.33533841
-0.638328033
