tkw
1.620227959
-0.749077442
-1.733723842
-0.010592641
0.266339159
0.389419959
-2.226047042
-0.518300942
-0.179828741
0.527885859
-0.133673441
-0.395220141
-0.502915842
0.081717959
-0.779847642
-1.364481442
-1.226015542
-0.349064841
-0.195213841
-1.779879142
0.281724259
0.081717959
-0.502915842
-1.302941042
-0.225984041
-0.595226442
-0.179828741
2.174091559
-0.733692342
-1.456792042
-1.333711242
0.220183859
-0.379835041
-1.118319842
-0.533686042
-0.441375442
0.066332859
1.158674959
-0.087518141
1.281755759
0.881743159
1.081749459
0.574041159
0.666351759
1.389451459
-0.549071142
1.143289859
1.512532259
-0.502915842
0.235568959
1.789464059
1.712538559
-0.487530742
0.958668659
1.050979259
1.127904759
0.774047459
-0.379835041
-0.672151942
-0.349064841
1.635613059
1.820234259
1.927929959
0.035562659
0.020177559
0.712507059
-0.595226442
0.050947759
-0.502915842
0.512500759
0.004792459
0.020177559
0.343264659
2.52794886
-0.395220141
0.143258359
1.758693859
-0.656766842
-0.287524441
0.420190159
1.820234259
-0.318294641
-1.241400642
-0.795232742
0.143258359
0.943283559
1.081749459
-0.287524441
1.943315059
0.758662359
-0.010592641
-0.318294641
1.450991859
-0.318294641
2.420253159
0.004792459
-0.610611542
-0.995239042
1.327911059
0.681736859
-0.764462542
0.281724259
1.174060059
-1.287555942
-0.733692342
-1.426021842
-0.841388042
-0.795232742
0.112488159
-1.887574842
2.55871906
-0.902928442
0.989438859
-0.779847642
0.281724259
0.866358059
-1.241400642
-2.026040742
-0.702922142
0.958668659
-0.502915842
-0.118288341
-0.533686042
0.604811359
-1.133704942
0.389419959
-0.302909541
-1.364481442
2.266402159
-0.733692342
0.835587859
-1.318326142
-0.041362841
-1.533717542
-1.918345042
0.066332859
-1.610643042
1.158674959
0.404805059
-0.287524441
-0.441375442
-0.595226442
1.020209059
1.004823959
0.204798759
0.512500759
-0.395220141
1.989470359
-1.456792042
-0.595226442
-1.595257942
-0.318294641
0.712507059
1.050979259
0.512500759
0.527885859
0.774047459
-2.041425842
0.035562659
0.358649759
-0.672151942
-1.072164542
1.743308759
1.143289859
0.835587859
1.327911059
-0.472145642
-0.533686042
0.835587859
0.143258359
0.866358059
0.820202759
-1.072164542
0.927898459
0.066332859
0.543270959
0.374034859
-0.656766842
-1.872189742
-0.441375442
-0.718307242
-0.826002942
1.112519659
-0.010592641
-0.733692342
0.681736859
-2.056810942
-0.841388042
-0.179828741
0.620196459
1.851004459
2.297172359
-0.625996642
-1.718338742
1.435606759
1.697153459
1.143289859
0.312494459
-1.333711242
0.220183859
0.204798759
-0.395220141
0.435575259
-1.041394342
0.112488159
-1.241400642
1.497147159
-0.795232742
-0.318294641
-0.041362841
1.450991859
-1.749108942
-0.872158242
-0.702922142
-0.902928442
-0.733692342
-1.564487742
-0.518300942
-0.625996642
-0.118288341
-0.625996642
0.527885859
1.681768359
0.035562659
-0.364449941
0.450960359
0.266339159
-1.964500342
0.835587859
-1.195245342
-0.887543342
0.174028559
1.327911059
2.035625659
0.974053759
0.097103059
-0.902928442
2.112551159
0.127873259
0.374034859
-0.979853942
0.666351759
-0.595226442
0.158643459
0.081717959
0.174028559
-1.302941042
-1.979885442
-0.779847642
0.943283559
-0.672151942
-0.764462542
-0.287524441
0.127873259
0.250954059
-0.702922142
0.066332859
-0.010592641
0.558656059
0.774047459
0.081717959
-0.349064841
-1.318326142
-1.133704942
0.650966659
0.158643459
0.943283559
0.604811359
1.420221659
0.297109359
-0.118288341
1.681768359
1.266370659
-1.749108942
-1.472177142
0.127873259
-1.102934742
0.097103059
0.066332859
-1.056779442
0.189413659
0.727892159
-0.133673441
0.420190159
0.174028559
0.435575259
0.543270959
-0.625996642
1.112519659
0.358649759
-1.549102642
-1.795264242
-1.379866542
-1.733723842
0.081717959
-0.210598941
-1.426021842
-0.656766842
0.497115659
-0.395220141
-0.641381742
-0.395220141
-1.379866542
-1.364481442
-1.364481442
-0.672151942
-0.826002942
1.158674959
0.020177559
-1.256785742
0.358649759
0.097103059
0.374034859
-0.733692342
0.035562659
-0.518300942
0.666351759
0.066332859
0.066332859
-0.656766842
1.697153459
1.450991859
1.050979259
0.512500759
0.527885859
-0.949083742
-1.902959942
1.050979259
-0.395220141
0.866358059
-0.687537042
0.343264659
1.081749459
-0.533686042
-1.041394342
1.158674959
-0.795232742
-0.979853942
0.312494459
-1.241400642
-1.102934742
-1.456792042
-0.749077442
-0.087518141
-1.056779442
-1.056779442
-0.364449941
-0.702922142
-1.764494042
-2.164506642
-1.979885442
-0.149058541
-0.118288341
1.174060059
-0.518300942
0.927898459
-0.979853942
-1.779879142
0.974053759
0.097103059
1.112519659
0.927898459
1.589457759
1.127904759
1.204830259
0.974053759
1.727923659
1.174060059
1.866389559
0.297109359
0.604811359
-1.733723842
0.004792459
-0.872158242
0.497115659
0.543270959
-0.979853942
0.466345459
-0.610611542
-0.779847642
0.620196459
0.404805059
0.250954059
1.266370659
1.743308759
1.281755759
1.681768359
1.650998159
-1.533717542
-1.256785742
1.450991859
1.589457759
-1.056779442
0.220183859
1.266370659
1.374066359
2.466408459
-0.518300942
-1.118319842
-0.625996642
1.927929959
0.758662359
0.204798759
1.343296159
-0.502915842
0.312494459
-0.702922142
-1.241400642
-0.979853942
-0.087518141
-0.902928442
-0.779847642
-0.518300942
0.050947759
-0.687537042
-0.979853942
-1.195245342
-1.395251642
0.204798759
-2.241432142
-0.733692342
-0.764462542
-0.441375442
0.681736859
0.881743159
-1.472177142
-0.795232742
-0.687537042
-1.933730142
-0.702922142
-1.918345042
-0.533686042
-0.210598941
-0.302909541
-1.318326142
-0.902928442
-2.256817242
-0.364449941
0.312494459
-1.318326142
-0.302909541
-1.072164542
-0.841388042
-0.287524441
1.035594159
1.097134559
0.958668659
0.220183859
-0.087518141
0.081717959
1.127904759
0.543270959
-0.964468842
-0.225984041
-0.395220141
-0.502915842
0.020177559
-0.179828741
1.004823959
0.727892159
0.727892159
-1.241400642
-0.441375442
1.266370659
-0.364449941
-0.779847642
1.266370659
-1.256785742
0.927898459
-0.733692342
0.697121959
0.497115659
1.281755759
-0.841388042
-1.456792042
-0.195213841
-1.687568542
-0.056747941
-0.318294641
-0.395220141
2.58948926
-1.010624142
0.758662359
0.235568959
0.927898459
-1.533717542
-1.241400642
-0.595226442
-0.826002942
0.220183859
0.604811359
0.927898459
-1.287555942
-1.995270542
-0.518300942
-0.964468842
-0.087518141
-1.902959942
-0.149058541
-0.041362841
-0.318294641
-1.718338742
-1.164475142
-1.164475142
-1.241400642
0.435575259
-0.149058541
1.281755759
0.420190159
-0.241369141
-0.702922142
-0.395220141
-0.702922142
-0.795232742
-1.010624142
2.54333396
0.543270959
2.035625659
0.450960359
0.866358059
-0.272139341
-1.472177142
-1.379866542
-0.718307242
-1.502947342
0.450960359
-0.179828741
-0.749077442
-1.641413242
-1.241400642
-0.133673441
-1.195245342
-1.487562242
-0.779847642
-1.164475142
-0.625996642
-0.472145642
1.327911059
-0.395220141
0.297109359
1.343296159
1.435606759
-1.010624142
-0.179828741
0.589426259
-1.918345042
-0.826002942
-1.733723842
0.312494459
-1.010624142
0.743277259
0.050947759
0.143258359
-0.841388042
1.543302459
-0.826002942
-0.749077442
0.266339159
-0.964468842
-0.902928442
1.604842859
-0.149058541
-0.533686042
-0.441375442
1.204830259
-0.564456242
1.389451459
1.697153459
0.481730559
-2.026040742
-1.256785742
-1.826034442
0.066332859
-1.072164542
0.297109359
-0.518300942
0.543270959
2.63564456
-0.564456242
-0.318294641
-0.533686042
1.974085259
-1.764494042
-1.533717542
2.49717866
-0.779847642
-0.779847642
-0.826002942
-0.318294641
0.050947759
0.004792459
0.004792459
-1.195245342
-0.349064841
0.081717959
-0.702922142
-1.041394342
-0.672151942
-0.872158242
0.481730559
-1.549102642
-0.472145642
0.066332859
0.035562659
-1.241400642
-0.564456242
-1.272170842
0.481730559
-0.287524441
-0.841388042
-0.149058541
-0.272139341
-0.979853942
-0.118288341
-0.149058541
-0.779847642
-0.533686042
0.081717959
-0.564456242
-0.272139341
0.281724259
-1.133704942
-0.887543342
-0.595226442
-0.887543342
-1.364481442
0.066332859
0.466345459
-0.610611542
-0.149058541
-1.072164542
-0.441375442
0.497115659
0.666351759
-0.041362841
0.804817659
-0.964468842
-1.041394342
0.281724259
-0.610611542
0.081717959
-0.533686042
-0.933698642
-0.595226442
-0.933698642
-0.718307242
-0.549071142
0.589426259
0.020177559
0.189413659
-0.610611542
-0.149058541
-1.302941042
-0.872158242
-0.349064841
-0.779847642
-0.964468842
-0.872158242
0.466345459
-1.564487742
0.589426259
-0.687537042
-1.379866542
0.681736859
-0.702922142
0.835587859
-0.779847642
-0.702922142
-1.102934742
-0.625996642
1.327911059
0.497115659
-1.472177142
-1.395251642
-1.564487742
0.020177559
-0.287524441
0.404805059
-0.595226442
-0.625996642
-0.410605241
0.912513359
-0.902928442
0.066332859
2.266402159
-1.133704942
-2.041425842
0.127873259
-0.441375442
1.943315059
-0.841388042
-1.256785742
0.604811359
0.758662359
-1.318326142
-1.102934742
-0.533686042
-1.533717542
-1.118319842
-0.749077442
0.235568959
-0.964468842
-1.687568542
-1.549102642
-0.764462542
-2.072196042
-1.902959942
-1.379866542
0.020177559
0.112488159
0.650966659
-1.102934742
1.081749459
-1.041394342
-0.872158242
-0.118288341
0.250954059
-0.779847642
-0.533686042
-0.318294641
0.712507059
-0.318294641
-0.995239042
-1.164475142
-0.056747941
-0.564456242
0.127873259
-0.533686042
-0.364449941
-0.533686042
-0.656766842
-0.995239042
1.035594159
0.912513359
0.958668659
1.112519659
-0.672151942
-1.564487742
-0.641381742
-0.379835041
-2.195276842
-1.472177142
-0.056747941
-0.287524441
-1.302941042
-0.841388042
-0.118288341
-1.995270542
-0.826002942
-1.364481442
-0.733692342
-0.210598941
0.004792459
-1.702953642
-0.179828741
-0.149058541
-0.672151942
-1.333711242
-1.549102642
-0.518300942
0.281724259
-1.441406942
-1.195245342
-1.502947342
-2.272202342
-0.210598941
0.020177559
-0.041362841
-2.041425842
-0.933698642
-0.195213841
-1.133704942
-1.164475142
-0.487530742
-0.210598941
-0.518300942
-0.718307242
0.143258359
-0.902928442
-1.133704942
-0.656766842
-0.410605241
2.097166059
1.050979259
0.020177559
-0.702922142
0.050947759
0.004792459
-1.056779442
-0.472145642
-0.441375442
-1.441406942
0.250954059
1.081749459
1.989470359
-0.087518141
0.666351759
-0.887543342
-0.241369141
0.174028559
-1.133704942
2.220246859
0.389419959
0.450960359
-0.241369141
-1.195245342
-0.841388042
0.666351759
-1.779879142
-1.472177142
-1.133704942
-0.764462542
-0.964468842
0.035562659
0.620196459
1.020209059
0.604811359
-0.179828741
-0.441375442
-0.564456242
-0.179828741
-0.625996642
0.004792459
-1.395251642
-1.364481442
-0.318294641
-0.241369141
0.589426259
-0.118288341
0.697121959
-0.287524441
2.51256376
1.512532259
0.189413659
0.097103059
0.343264659
1.158674959
-0.472145642
0.650966659
1.081749459
-0.041362841
-0.533686042
1.374066359
0.343264659
-0.149058541
0.343264659
1.204830259
-0.056747941
-0.733692342
0.174028559
-0.595226442
0.158643459
-1.333711242
0.050947759
0.066332859
0.604811359
-0.564456242
0.389419959
0.404805059
1.127904759
-0.533686042
1.635613059
-0.087518141
0.143258359
1.189445159
0.758662359
0.543270959
0.066332859
0.943283559
-0.118288341
-0.795232742
0.604811359
-1.102934742
-0.010592641
1.020209059
0.358649759
0.389419959
-0.702922142
0.481730559
0.220183859
0.220183859
0.143258359
-0.502915842
-0.979853942
1.035594159
-0.195213841
-0.272139341
0.189413659
0.281724259
0.235568959
-0.641381742
-0.087518141
-0.641381742
-1.056779442
-0.979853942
0.097103059
1.450991859
0.635581559
-1.179860242
-0.887543342
1.281755759
-1.133704942
0.404805059
1.112519659
0.497115659
-0.210598941
-0.718307242
-0.549071142
-0.749077442
-1.041394342
-1.226015542
0.050947759
-0.841388042
0.112488159
1.527917359
1.266370659
-1.502947342
0.927898459
1.004823959
-1.318326142
1.050979259
-0.472145642
-0.118288341
-0.625996642
-1.256785742
-0.564456242
-0.887543342
0.020177559
-1.041394342
-0.564456242
-0.225984041
-1.041394342
-0.687537042
0.804817659
-0.641381742
1.143289859
-0.487530742
-0.702922142
-0.902928442
0.204798759
-2.118351342
0.174028559
-0.656766842
-2.010655642
-1.626028142
0.804817659
-1.610643042
-0.395220141
0.450960359
-0.625996642
-0.779847642
-1.564487742
-0.872158242
-0.702922142
0.066332859
-0.364449941
0.312494459
0.189413659
-0.225984041
-0.995239042
1.435606759
0.450960359
-1.010624142
-0.672151942
0.189413659
-1.118319842
-1.102934742
-0.518300942
1.127904759
-0.887543342
0.297109359
-0.872158242
-0.410605241
-0.379835041
0.081717959
0.404805059
0.897128259
1.543302459
1.127904759
-0.118288341
-0.641381742
-0.195213841
0.127873259
0.712507059
0.835587859
-2.010655642
0.650966659
-0.010592641
-0.349064841
-0.379835041
-0.102903241
0.681736859
0.266339159
-1.564487742
-0.625996642
0.250954059
-0.672151942
0.697121959
-0.610611542
-0.272139341
-1.918345042
0.220183859
0.281724259
-1.226015542
-0.118288341
0.466345459
-0.549071142
-0.041362841
-1.256785742
-0.441375442
-0.749077442
1.697153459
-0.179828741
-0.641381742
-0.149058541
1.235600459
-0.472145642
-0.625996642
0.574041159
0.297109359
-0.733692342
0.497115659
1.512532259
-0.179828741
1.650998159
-0.687537042
-1.395251642
-0.826002942
-0.841388042
-0.549071142
-0.287524441
0.589426259
-0.902928442
-0.549071142
-0.979853942
1.743308759
0.712507059
0.927898459
1.020209059
-0.441375442
0.004792459
0.497115659
1.050979259
0.112488159
-0.749077442
1.866389559
0.004792459
0.020177559
-0.441375442
0.604811359
-0.810617842
-2.087581142
0.927898459
1.050979259
0.343264659
-1.456792042
-0.841388042
-1.333711242
-0.749077442
0.712507059
0.758662359
-0.949083742
0.527885859
0.574041159
0.989438859
0.297109359
0.235568959
0.497115659
0.020177559
2.374097859
1.174060059
0.989438859
0.543270959
0.712507059
-0.564456242
-0.995239042
-1.564487742
0.312494459
-0.010592641
-0.195213841
0.420190159
0.758662359
0.497115659
-1.118319842
0.281724259
0.974053759
0.558656059
0.250954059
0.220183859
-1.918345042
-0.749077442
0.050947759
1.512532259
0.404805059
0.266339159
1.620227959
0.081717959
0.143258359
-2.179891742
-1.241400642
0.112488159
0.512500759
0.743277259
-0.487530742
0.004792459
0.804817659
0.881743159
1.112519659
1.189445159
-1.733723842
-1.133704942
0.435575259
-1.395251642
-1.933730142
-1.687568542
-0.287524441
0.466345459
-0.349064841
-1.395251642
0.112488159
0.389419959
-0.210598941
1.035594159
1.004823959
0.358649759
0.466345459
-1.302941042
-0.749077442
0.020177559
0.143258359
-0.272139341
1.004823959
-1.287555942
0.174028559
1.543302459
-0.364449941
1.497147159
1.220215359
0.112488159
-0.487530742
-0.225984041
-0.318294641
0.527885859
1.420221659
0.866358059
0.235568959
-1.133704942
0.127873259
0.604811359
0.204798759
-0.349064841
-0.056747941
-0.087518141
-0.179828741
-1.472177142
-0.779847642
0.450960359
1.450991859
-0.395220141
0.835587859
1.481762059
1.327911059
0.204798759
-1.672183442
-0.933698642
0.312494459
1.712538559
0.804817659
1.743308759
1.450991859
1.189445159
1.281755759
1.650998159
0.020177559
1.374066359
-1.749108942
-1.195245342
0.004792459
0.189413659
0.727892159
-0.379835041
0.266339159
-1.533717542
0.681736859
1.420221659
0.097103059
0.512500759
0.020177559
-0.702922142
0.035562659
0.174028559
-0.841388042
0.589426259
-0.841388042
0.035562659
0.574041159
-0.625996642
0.497115659
1.358681259
-1.472177142
0.266339159
0.312494459
1.435606759
-0.149058541
1.620227959
0.574041159
0.358649759
0.050947759
1.635613059
0.143258359
-0.564456242
0.466345459
-0.779847642
1.466376959
-0.364449941
0.312494459
-0.195213841
-0.010592641
0.174028559
0.127873259
-0.133673441
0.666351759
-0.056747941
-0.210598941
-0.779847642
-2.256817242
-0.779847642
0.189413659
0.158643459
-1.041394342
-1.195245342
-0.118288341
-0.087518141
-1.118319842
-0.872158242
-0.056747941
0.081717959
-1.256785742
-0.795232742
-1.333711242
-0.595226442
-0.902928442
-0.749077442
-0.395220141
1.681768359
-1.410636742
-1.287555942
-0.887543342
0.897128259
-1.641413242
-0.533686042
-0.472145642
-1.256785742
-1.287555942
1.681768359
1.250985559
-1.041394342
-0.425990341
-1.395251642
0.835587859
-0.210598941
-0.010592641
0.204798759
0.189413659
-0.364449941
-0.364449941
-0.872158242
-1.087549642
0.312494459
2.358712759
1.604842859
1.035594159
0.143258359
0.358649759
1.158674959
1.435606759
1.050979259
1.851004459
1.589457759
0.450960359
-0.764462542
-0.749077442
1.743308759
1.050979259
0.974053759
1.574072659
2.051010759
2.143321359
2.281787259
1.989470359
0.681736859
2.204861759
-1.856804642
-0.441375442
0.727892159
0.004792459
1.374066359
1.543302459
1.743308759
1.743308759
-0.933698642
1.497147159
1.897159759
2.066395859
1.343296159
1.127904759
-0.272139341
-1.287555942
-0.133673441
0.666351759
0.235568959
1.004823959
0.712507059
0.189413659
0.712507059
0.804817659
-1.133704942
0.989438859
0.574041159
0.266339159
0.297109359
1.466376959
2.57410416
0.727892159
0.974053759
1.620227959
2.62025946
0.989438859
0.404805059
0.527885859
0.435575259
0.050947759
0.035562659
0.774047459
1.004823959
-1.272170842
0.558656059
0.743277259
-0.718307242
0.297109359
-0.964468842
-1.010624142
-0.441375442
-0.149058541
0.250954059
-0.749077442
-1.595257942
0.235568959
-0.010592641
-0.179828741
0.389419959
-1.333711242
0.220183859
0.404805059
0.020177559
-1.056779442
-1.426021842
-1.395251642
-0.410605241
-0.702922142
-1.364481442
-0.826002942
0.235568959
0.297109359
-0.318294641
-0.179828741
-0.379835041
-1.272170842
0.989438859
-1.164475142
-1.287555942
-0.779847642
0.512500759
-0.949083742
2.066395859
1.097134559
0.435575259
0.466345459
-0.179828741
-0.441375442
-0.887543342
-0.410605241
-0.733692342
-0.487530742
-0.349064841
-0.133673441
-0.687537042
-0.902928442
-1.302941042
-0.749077442
-1.241400642
-0.364449941
-1.949115242
-1.964500342
-1.333711242
-1.656798342
-0.133673441
-0.887543342
-0.472145642
0.343264659
0.127873259
0.681736859
0.604811359
-1.272170842
0.143258359
0.958668659
0.158643459
0.466345459
1.389451459
1.112519659
0.881743159
0.020177559
-0.672151942
-0.225984041
-0.487530742
0.174028559
1.097134559
0.374034859
-0.041362841
0.404805059
-0.856773142
-0.318294641
1.466376959
-0.595226442
-0.702922142
0.266339159
-0.379835041
0.097103059
-0.164443641
0.266339159
2.358712759
2.004855459
0.250954059
-0.872158242
-1.872189742
0.066332859
0.097103059
0.204798759
-0.902928442
2.327942559
1.727923659
1.666383259
0.250954059
0.743277259
1.789464059
0.297109359
0.204798759
0.481730559
1.727923659
-1.641413242
-1.102934742
-0.887543342
-1.456792042
-1.318326142
-0.779847642
-1.810649342
-1.549102642
0.589426259
0.266339159
0.035562659
1.004823959
0.020177559
-1.133704942
-1.010624142
1.866389559
0.574041159
1.281755759
1.004823959
0.497115659
-1.379866542
0.604811359
-0.272139341
-0.225984041
0.112488159
0.604811359
0.420190159
-0.041362841
-0.379835041
0.527885859
1.281755759
2.281787259
0.620196459
0.281724259
-0.379835041
1.158674959
1.158674959
0.589426259
1.281755759
0.866358059
0.850972959
0.712507059
-1.487562242
-1.687568542
0.543270959
1.389451459
-0.764462542
-0.779847642
0.297109359
-1.102934742
-0.364449941
0.158643459
-0.872158242
0.158643459
-0.195213841
-0.149058541
0.604811359
-0.502915842
-0.195213841
0.204798759
-0.410605241
-1.379866542
-1.379866542
-1.302941042
-1.056779442
0.158643459
-1.533717542
-0.318294641
-1.626028142
-0.133673441
-0.149058541
0.512500759
0.666351759
1.112519659
0.650966659
-0.395220141
-0.179828741
0.174028559
-0.318294641
-1.426021842
0.497115659
1.420221659
0.497115659
-0.041362841
-0.010592641
0.189413659
1.081749459
-1.102934742
0.881743159
0.112488159
0.312494459
1.727923659
1.466376959
-0.056747941
0.220183859
0.004792459
-0.087518141
-0.764462542
0.235568959
-1.041394342
1.081749459
0.158643459
1.127904759
-0.487530742
1.235600459
2.404868059
-1.826034442
-0.549071142
1.297140859
0.174028559
0.404805059
0.066332859
-0.441375442
1.681768359
0.927898459
1.620227959
1.604842859
-0.533686042
-0.872158242
0.650966659
-1.287555942
0.004792459
0.066332859
-0.225984041
-0.133673441
-0.687537042
1.466376959
0.466345459
0.020177559
0.035562659
-0.933698642
0.281724259
0.220183859
0.774047459
-0.302909541
-0.149058541
0.989438859
1.804849159
-0.564456242
-0.241369141
0.850972959
0.435575259
0.850972959
0.266339159
0.174028559
-0.887543342
-0.487530742
-0.672151942
-1.641413242
-0.902928442
-0.349064841
0.081717959
1.050979259
-0.595226442
-0.410605241
0.743277259
-0.595226442
-1.133704942
-1.102934742
0.604811359
1.158674959
0.097103059
1.404836559
-0.364449941
0.066332859
0.897128259
0.435575259
-0.410605241
-1.395251642
2.189476659
-0.241369141
0.220183859
-0.625996642
-0.041362841
0.897128259
0.220183859
1.158674959
0.297109359
0.650966659
1.174060059
1.004823959
1.420221659
0.374034859
0.512500759
0.681736859
-0.349064841
0.450960359
0.650966659
0.020177559
1.081749459
0.343264659
-1.672183442
1.235600459
1.158674959
0.804817659
-0.256754241
1.127904759
0.589426259
0.958668659
0.604811359
1.743308759
-0.764462542
-2.149121542
0.281724259
-1.395251642
-0.687537042
0.650966659
1.235600459
0.497115659
1.420221659
-1.641413242
0.404805059
0.204798759
-0.872158242
-1.287555942
-1.610643042
-0.687537042
-0.887543342
2.343327659
-0.087518141
-1.364481442
0.650966659
-1.549102642
-2.041425842
-1.702953642
0.174028559
0.774047459
0.527885859
-1.764494042
-1.164475142
-0.749077442
0.758662359
-1.595257942
0.681736859
0.404805059
-0.902928442
-1.472177142
0.543270959
1.851004459
-0.518300942
-0.533686042
-0.672151942
1.004823959
0.235568959
0.727892159
1.712538559
0.666351759
1.189445159
0.943283559
-1.302941042
0.774047459
-1.056779442
0.066332859
-0.010592641
-1.318326142
0.374034859
0.404805059
0.158643459
-1.133704942
0.220183859
0.527885859
1.020209059
1.220215359
0.297109359
-0.610611542
-1.426021842
0.850972959
-1.595257942
1.697153459
1.543302459
-0.795232742
-0.179828741
1.851004459
0.497115659
-1.502947342
-0.549071142
-1.256785742
-0.241369141
-0.887543342
0.681736859
0.512500759
0.820202759
0.512500759
-0.410605241
-0.149058541
-0.210598941
0.374034859
1.420221659
-1.626028142
-1.056779442
-0.472145642
0.004792459
0.112488159
-1.426021842
0.204798759
-0.625996642
0.020177559
0.420190159
0.820202759
0.589426259
-0.241369141
-1.872189742
-1.426021842
-0.210598941
-0.241369141
-0.195213841
0.404805059
-1.933730142
-1.241400642
-0.333679741
-1.210630442
-0.902928442
0.297109359
-1.102934742
0.574041159
-0.441375442
-0.656766842
1.389451459
-0.441375442
1.866389559
-0.702922142
2.127936259
-0.441375442
-1.349096342
1.281755759
1.835619359
0.743277259
1.789464059
0.527885859
0.266339159
0.897128259
0.835587859
1.281755759
-0.149058541
0.266339159
1.220215359
-0.518300942
-0.795232742
-0.087518141
-1.072164542
-1.579872842
-0.625996642
-0.210598941
-0.287524441
-0.410605241
1.650998159
-0.641381742
1.481762059
0.574041159
0.774047459
-0.718307242
0.558656059
2.435638259
-0.487530742
-0.564456242
0.497115659
0.112488159
0.727892159
1.974085259
1.881774659
1.343296159
1.974085259
-0.502915842
0.866358059
-0.041362841
-0.056747941
0.743277259
1.774078959
0.097103059
0.189413659
0.697121959
1.912544859
2.374097859
1.404836559
0.620196459
-0.041362841
0.820202759
-0.472145642
1.743308759
2.60487436
0.420190159
0.050947759
1.435606759
2.60487436
2.020240559
0.989438859
1.374066359
1.697153459
2.081780959
1.281755759
1.035594159
1.312525959
-0.225984041
1.050979259
-0.149058541
0.712507059
1.174060059
1.220215359
1.758693859
1.450991859
-1.026009242
0.327879559
1.420221659
-1.641413242
1.820234259
1.127904759
1.820234259
1.558687559
0.174028559
-0.102903241
0.789432559
-0.149058541
0.204798759
1.958700159
-0.287524441
1.774078959
1.050979259
0.574041159
1.097134559
-0.687537042
-1.841419542
0.681736859
0.004792459
0.804817659
0.389419959
0.343264659
0.743277259
-0.195213841
1.974085259
0.989438859
0.435575259
-0.902928442
-0.810617842
-0.918313542
-0.456760542
-1.472177142
0.912513359
1.789464059
0.758662359
0.020177559
-1.549102642
-1.102934742
0.312494459
0.743277259
1.743308759
-0.318294641
0.097103059
0.820202759
1.389451459
1.281755759
1.343296159
0.081717959
1.281755759
1.958700159
-0.779847642
-1.595257942
-2.133736442
1.912544859
2.389482959
0.758662359
2.035625659
2.220246859
-0.072133041
-2.210661942
-0.118288341
2.312557459
2.112551159
-1.195245342
-0.395220141
-0.195213841
2.251017059
-1.810649342
0.835587859
-1.410636742
0.312494459
0.804817659
0.297109359
1.604842859
-1.056779442
0.989438859
1.112519659
1.081749459
1.266370659
1.235600459
0.343264659
1.158674959
1.204830259
-0.087518141
1.297140859
1.989470359
1.650998159
1.204830259
0.620196459
0.235568959
-0.779847642
0.189413659
-2.102966242
1.774078959
-0.533686042
-0.672151942
0.035562659
-0.210598941
0.927898459
0.266339159
-0.133673441
0.558656059
1.050979259
0.066332859
0.220183859
0.912513359
1.235600459
-0.241369141
1.327911059
0.804817659
-0.595226442
1.558687559
-0.364449941
-0.579841342
1.435606759
-0.025977741
-1.518332442
-0.872158242
1.050979259
-1.149090042
-0.225984041
0.743277259
1.220215359
0.050947759
0.712507059
2.158706459
-0.287524441
0.727892159
-0.133673441
1.866389559
-0.441375442
-0.487530742
-1.056779442
0.174028559
0.343264659
-1.041394342
0.604811359
1.327911059
-0.764462542
1.066364359
0.866358059
0.404805059
1.158674959
-0.287524441
0.235568959
-0.764462542
-1.610643042
