Prot
-1.627567315
0.128816917
1.053229671
-1.072919662
0.036375642
1.330553497
1.607877323
-2.367097518
-1.535126039
0.775905845
0.221258193
0.591023294
-1.812449865
0.406140743
-2.644421344
-0.51827201
-0.425830735
-2.829303894
-0.795595836
-1.350243489
0.128816917
0.128816917
-2.367097518
0.313699468
-0.795595836
-0.980478387
-0.240948184
-0.51827201
-2.459538793
-0.33338946
1.145670946
1.053229671
1.422994772
1.422994772
0.591023294
0.221258193
-0.610713286
-0.980478387
-0.703154561
0.591023294
-0.888037112
0.221258193
-0.703154561
-1.904891141
-1.997332416
1.607877323
-1.535126039
0.591023294
-1.535126039
0.86834712
-1.997332416
0.406140743
-0.795595836
-1.812449865
-0.51827201
-0.51827201
-0.51827201
-0.33338946
0.406140743
0.128816917
-0.33338946
-1.627567315
-1.627567315
-0.148506909
-0.795595836
-1.627567315
0.406140743
0.498582019
-0.795595836
-0.148506909
0.036375642
1.330553497
0.498582019
1.977642424
-0.056065634
-0.980478387
-1.997332416
-1.904891141
-0.610713286
-1.442684764
-1.165360938
0.683464569
1.700318598
1.700318598
0.683464569
0.498582019
-3.568834097
-0.980478387
-0.980478387
-0.240948184
0.036375642
-0.888037112
-1.257802213
-0.888037112
-0.888037112
-0.240948184
0.775905845
-0.980478387
-0.980478387
-0.425830735
-0.703154561
-1.072919662
-0.33338946
-0.795595836
-0.980478387
-0.980478387
-0.425830735
-1.350243489
-0.148506909
0.036375642
-0.795595836
1.238112222
0.313699468
0.86834712
-0.888037112
-0.425830735
0.313699468
-0.51827201
0.036375642
0.128816917
-0.425830735
1.145670946
0.775905845
-0.33338946
-0.33338946
-0.056065634
-0.888037112
0.498582019
-0.703154561
0.498582019
-0.33338946
-0.980478387
-1.257802213
0.498582019
-0.33338946
-1.165360938
-0.33338946
0.591023294
0.683464569
0.683464569
0.128816917
0.591023294
-0.888037112
0.406140743
-0.33338946
-0.425830735
0.498582019
-0.148506909
-2.089773691
2.162524975
2.532290077
0.036375642
-0.51827201
-0.33338946
0.591023294
-0.33338946
-0.33338946
-0.148506909
0.406140743
0.313699468
0.128816917
0.960788395
-0.888037112
0.221258193
0.036375642
-0.056065634
1.885201149
-0.148506909
-1.72000859
0.683464569
0.128816917
-1.072919662
1.053229671
-1.350243489
-0.795595836
-0.980478387
-0.888037112
0.313699468
0.406140743
0.221258193
-0.148506909
-0.51827201
-0.703154561
-0.610713286
0.683464569
-0.980478387
1.977642424
1.422994772
-0.980478387
-0.888037112
-0.888037112
-0.425830735
-1.442684764
1.977642424
0.036375642
-1.350243489
-0.33338946
-0.795595836
1.607877323
0.775905845
0.313699468
1.145670946
0.498582019
1.700318598
-0.148506909
1.053229671
-0.703154561
-0.240948184
0.683464569
-0.795595836
-0.888037112
2.254966251
1.607877323
1.422994772
0.313699468
0.313699468
0.406140743
-0.425830735
0.775905845
1.053229671
-0.703154561
0.406140743
-1.350243489
0.86834712
0.86834712
-0.425830735
0.86834712
1.515436048
-1.442684764
1.238112222
1.515436048
1.145670946
-1.350243489
-2.274656242
-0.610713286
-0.980478387
-0.33338946
-1.257802213
1.515436048
-1.535126039
0.313699468
-1.627567315
-0.888037112
-0.980478387
-0.795595836
-0.240948184
1.330553497
1.145670946
-0.33338946
-0.056065634
0.86834712
-0.425830735
-0.888037112
0.406140743
-0.610713286
0.960788395
-0.425830735
0.591023294
0.86834712
0.221258193
1.238112222
1.145670946
0.313699468
2.0700837
1.422994772
-0.240948184
0.313699468
-0.795595836
-1.904891141
1.238112222
0.775905845
-1.257802213
-0.610713286
1.422994772
1.053229671
0.775905845
0.406140743
-1.627567315
0.221258193
1.330553497
0.036375642
-1.72000859
0.960788395
0.775905845
0.128816917
0.591023294
0.591023294
0.683464569
-0.33338946
0.498582019
1.330553497
-0.51827201
0.036375642
1.700318598
0.221258193
0.683464569
-0.888037112
0.591023294
-0.425830735
0.221258193
0.313699468
0.775905845
-0.703154561
1.792759874
1.053229671
1.700318598
-0.425830735
-0.51827201
0.036375642
1.238112222
0.498582019
-0.33338946
-1.165360938
0.128816917
-0.148506909
0.313699468
1.515436048
-0.33338946
-0.33338946
0.775905845
2.162524975
-0.703154561
-0.51827201
-0.610713286
-0.610713286
1.053229671
0.683464569
-0.425830735
-0.148506909
0.498582019
0.128816917
-0.056065634
-1.997332416
0.406140743
-0.610713286
-0.980478387
1.330553497
-0.148506909
0.775905845
1.515436048
1.145670946
0.775905845
1.792759874
0.313699468
0.683464569
1.238112222
2.347407526
-2.367097518
0.036375642
2.254966251
0.86834712
-0.888037112
0.591023294
-0.056065634
0.128816917
-0.610713286
1.053229671
0.86834712
-1.257802213
-0.795595836
-0.888037112
0.036375642
-0.980478387
-0.240948184
-0.703154561
-1.350243489
-1.442684764
-0.980478387
-0.425830735
-0.056065634
-0.703154561
-0.056065634
-0.51827201
-0.056065634
-0.33338946
-0.240948184
1.053229671
-0.425830735
0.406140743
2.717172627
0.036375642
-0.795595836
0.775905845
0.86834712
-1.535126039
-1.165360938
-0.425830735
-0.703154561
1.145670946
0.313699468
-0.888037112
0.221258193
0.221258193
-0.148506909
-0.425830735
-1.072919662
-1.535126039
-2.459538793
1.422994772
-2.182214967
-0.33338946
-1.350243489
-0.888037112
-1.072919662
-0.056065634
0.128816917
1.145670946
-1.627567315
1.515436048
0.498582019
-1.904891141
0.86834712
-0.056065634
-0.610713286
-0.795595836
0.036375642
1.053229671
0.128816917
0.591023294
2.902055178
-1.535126039
-1.997332416
-1.442684764
0.591023294
-0.51827201
-1.350243489
0.128816917
-0.425830735
-0.425830735
0.406140743
1.053229671
1.700318598
1.145670946
0.86834712
-2.182214967
-2.089773691
1.700318598
-1.627567315
-0.425830735
-0.795595836
-0.610713286
-0.610713286
0.221258193
-0.425830735
-1.072919662
-1.535126039
-1.257802213
-1.72000859
-1.165360938
-2.551980068
-1.072919662
-1.904891141
-1.442684764
1.053229671
-2.551980068
-0.888037112
-1.072919662
-2.459538793
-1.535126039
0.683464569
-1.257802213
2.532290077
0.313699468
-0.148506909
0.036375642
-1.350243489
-1.535126039
0.86834712
-0.703154561
0.128816917
-1.442684764
-0.240948184
-1.535126039
-1.442684764
-0.51827201
0.128816917
-0.51827201
-0.51827201
1.330553497
0.221258193
0.036375642
-0.795595836
-1.257802213
-0.425830735
-0.425830735
1.792759874
-1.165360938
-2.551980068
1.053229671
-0.240948184
-0.425830735
-0.148506909
-1.627567315
-1.535126039
-0.51827201
-0.240948184
-0.51827201
2.532290077
-1.165360938
0.683464569
1.330553497
0.498582019
-0.703154561
0.498582019
0.498582019
0.591023294
-0.240948184
0.036375642
-0.888037112
-1.257802213
0.313699468
0.498582019
-1.072919662
1.607877323
0.591023294
-1.442684764
-0.888037112
-1.165360938
-0.056065634
-1.072919662
-1.165360938
0.313699468
0.591023294
0.86834712
-1.535126039
-1.904891141
1.977642424
-2.551980068
0.775905845
0.775905845
-0.240948184
0.86834712
1.053229671
0.036375642
2.347407526
-1.072919662
-0.703154561
0.775905845
-0.148506909
-0.425830735
-1.072919662
-0.425830735
1.330553497
-0.33338946
-0.703154561
0.775905845
-1.165360938
-0.148506909
-0.980478387
-0.610713286
-1.257802213
0.86834712
-0.980478387
1.238112222
-0.610713286
0.591023294
0.221258193
0.036375642
0.775905845
0.128816917
-1.350243489
-0.51827201
0.683464569
0.036375642
-0.980478387
-0.980478387
-0.610713286
-1.072919662
-0.888037112
2.809613903
0.313699468
0.221258193
0.406140743
0.128816917
0.775905845
0.313699468
-0.148506909
-0.703154561
1.422994772
-0.33338946
0.313699468
-0.425830735
1.330553497
-0.33338946
-0.148506909
0.406140743
2.347407526
1.330553497
-0.33338946
-0.056065634
-0.795595836
-0.240948184
0.683464569
-0.33338946
0.498582019
-0.33338946
0.960788395
0.960788395
0.036375642
1.053229671
0.406140743
-0.240948184
0.221258193
-0.703154561
0.775905845
-0.33338946
2.717172627
1.053229671
0.128816917
0.313699468
-0.056065634
-0.240948184
0.86834712
0.221258193
-0.056065634
-1.072919662
-1.165360938
-0.33338946
-0.425830735
0.313699468
-0.33338946
-0.240948184
0.498582019
-0.33338946
0.591023294
0.960788395
0.221258193
-0.056065634
-0.056065634
-0.056065634
0.313699468
-0.703154561
1.145670946
-0.980478387
0.498582019
0.406140743
0.036375642
-1.257802213
0.86834712
-0.240948184
0.221258193
0.591023294
-0.51827201
1.238112222
-0.703154561
0.036375642
0.221258193
-0.795595836
0.86834712
0.775905845
0.683464569
-0.425830735
-0.425830735
-0.51827201
-1.165360938
1.053229671
0.406140743
-0.795595836
-0.610713286
1.053229671
-1.165360938
-0.425830735
0.498582019
0.221258193
0.313699468
0.036375642
-0.148506909
0.775905845
0.221258193
1.238112222
-0.703154561
1.422994772
0.775905845
0.221258193
0.221258193
0.775905845
0.591023294
-0.056065634
-0.425830735
0.313699468
-0.610713286
0.313699468
-0.51827201
-0.425830735
-0.148506909
-0.148506909
1.792759874
-1.72000859
-0.51827201
-0.425830735
-0.148506909
2.162524975
0.86834712
0.313699468
-0.33338946
0.036375642
0.86834712
1.607877323
-0.33338946
-1.442684764
-0.240948184
-0.51827201
1.145670946
0.128816917
-0.610713286
0.775905845
1.053229671
-1.165360938
-0.148506909
-0.056065634
-0.148506909
-0.148506909
-0.056065634
1.700318598
0.683464569
-0.888037112
-0.795595836
1.238112222
0.221258193
0.498582019
0.128816917
-0.33338946
0.683464569
1.145670946
0.591023294
0.128816917
-0.148506909
-0.240948184
-0.51827201
2.717172627
0.775905845
1.422994772
-1.072919662
-1.072919662
-1.627567315
-1.72000859
1.053229671
-0.888037112
-0.056065634
0.128816917
-0.795595836
-0.33338946
1.238112222
1.607877323
1.792759874
0.313699468
0.406140743
0.406140743
0.683464569
1.053229671
0.683464569
0.775905845
0.036375642
1.238112222
-0.888037112
-0.425830735
-0.33338946
1.607877323
1.607877323
1.422994772
-0.33338946
0.221258193
0.406140743
1.792759874
-0.51827201
0.406140743
-0.703154561
-0.148506909
1.977642424
1.607877323
-0.610713286
1.422994772
2.347407526
0.036375642
-0.33338946
-0.51827201
1.238112222
0.591023294
1.885201149
0.406140743
1.885201149
1.792759874
0.128816917
0.313699468
1.422994772
0.591023294
-0.148506909
-0.888037112
-0.240948184
-0.980478387
-0.33338946
2.717172627
0.128816917
-0.703154561
-0.425830735
2.254966251
-0.980478387
1.885201149
2.254966251
-0.703154561
0.406140743
1.330553497
-1.072919662
0.313699468
0.498582019
0.498582019
1.053229671
-1.442684764
1.053229671
0.591023294
-0.980478387
0.036375642
-1.165360938
-0.703154561
-1.442684764
-0.33338946
-1.257802213
-0.51827201
1.238112222
1.145670946
0.498582019
-0.795595836
0.960788395
1.053229671
0.591023294
0.498582019
-0.056065634
0.775905845
-0.33338946
-0.240948184
0.221258193
-1.350243489
0.498582019
-0.33338946
-0.703154561
0.036375642
0.498582019
-0.795595836
0.221258193
-0.240948184
-0.51827201
-0.51827201
-0.888037112
-1.165360938
0.313699468
-0.148506909
0.775905845
1.607877323
1.422994772
-0.703154561
1.330553497
-0.056065634
-0.51827201
-1.350243489
-0.51827201
-0.610713286
-0.51827201
0.128816917
-0.610713286
0.498582019
-0.703154561
-0.240948184
0.221258193
-0.240948184
0.406140743
-0.795595836
0.406140743
0.498582019
0.591023294
-0.240948184
0.498582019
0.86834712
0.498582019
1.053229671
0.313699468
-1.072919662
0.036375642
-0.610713286
0.591023294
-0.51827201
0.128816917
-0.240948184
-1.072919662
0.128816917
0.86834712
0.86834712
-0.610713286
0.775905845
-0.980478387
0.498582019
0.036375642
0.313699468
-0.056065634
1.145670946
2.0700837
-1.350243489
-0.703154561
-0.33338946
-0.148506909
-0.703154561
0.775905845
0.498582019
1.238112222
0.221258193
0.591023294
-0.795595836
-0.240948184
1.145670946
0.86834712
-0.425830735
1.700318598
1.422994772
1.330553497
-0.980478387
0.036375642
0.221258193
0.591023294
-0.425830735
-0.610713286
1.145670946
-0.148506909
1.238112222
0.406140743
-0.240948184
1.700318598
0.498582019
0.960788395
0.775905845
-0.703154561
0.313699468
0.683464569
0.683464569
-0.148506909
0.86834712
0.036375642
-0.148506909
1.053229671
0.86834712
2.439848801
0.313699468
1.607877323
0.960788395
1.700318598
1.700318598
1.607877323
-0.33338946
1.422994772
0.591023294
0.406140743
-0.33338946
0.313699468
1.607877323
0.775905845
0.221258193
0.775905845
1.422994772
0.221258193
-0.610713286
1.145670946
1.515436048
-1.904891141
-0.425830735
1.053229671
-0.888037112
-0.425830735
0.960788395
0.683464569
0.498582019
-2.089773691
1.145670946
0.221258193
-0.51827201
0.406140743
1.885201149
0.775905845
-1.350243489
-1.165360938
-0.703154561
0.128816917
-0.703154561
0.036375642
-0.240948184
-0.056065634
-0.240948184
1.053229671
0.86834712
0.683464569
-0.795595836
-0.610713286
0.498582019
0.591023294
-0.33338946
0.591023294
0.86834712
1.515436048
0.86834712
0.036375642
0.683464569
-0.240948184
-0.888037112
0.313699468
0.128816917
-1.165360938
0.128816917
-0.51827201
0.221258193
1.238112222
0.128816917
0.406140743
0.036375642
-0.33338946
-0.888037112
0.036375642
0.86834712
0.498582019
-0.610713286
0.591023294
0.775905845
0.406140743
-0.610713286
0.128816917
0.591023294
-0.610713286
0.406140743
-0.795595836
0.498582019
0.221258193
-2.551980068
0.498582019
0.960788395
0.498582019
-2.367097518
-0.240948184
-1.165360938
1.607877323
-0.056065634
-0.980478387
-0.240948184
0.406140743
0.128816917
0.591023294
1.515436048
-0.056065634
2.0700837
-0.610713286
-0.795595836
1.422994772
1.330553497
0.036375642
0.591023294
4.103791758
0.036375642
-0.425830735
0.221258193
1.238112222
0.036375642
0.406140743
2.439848801
-0.240948184
-0.610713286
-0.33338946
3.45670283
0.498582019
0.406140743
-0.51827201
-1.165360938
0.036375642
-0.240948184
-0.888037112
-2.367097518
-1.257802213
-2.367097518
-0.148506909
-0.51827201
0.591023294
-0.703154561
-0.795595836
-0.703154561
1.238112222
0.86834712
1.607877323
0.313699468
0.036375642
1.053229671
-0.148506909
1.330553497
0.406140743
0.86834712
1.053229671
1.330553497
-0.148506909
-0.148506909
-0.51827201
0.498582019
1.238112222
-0.610713286
0.498582019
-0.056065634
0.591023294
1.422994772
-0.888037112
0.683464569
-0.795595836
-1.627567315
1.053229671
1.053229671
0.775905845
-0.703154561
0.498582019
1.792759874
0.591023294
1.885201149
1.145670946
0.960788395
0.036375642
1.792759874
-1.257802213
1.145670946
0.036375642
-1.257802213
0.406140743
0.406140743
-0.980478387
-0.425830735
-0.888037112
0.313699468
0.036375642
0.313699468
0.313699468
-0.240948184
-0.795595836
-1.812449865
0.960788395
-0.240948184
-0.795595836
-0.51827201
-0.33338946
-0.148506909
0.036375642
0.221258193
-1.350243489
0.313699468
-1.812449865
-1.442684764
-1.257802213
-0.240948184
0.683464569
1.422994772
0.128816917
-0.148506909
-0.795595836
1.145670946
-0.888037112
0.313699468
0.960788395
0.036375642
-1.165360938
-0.425830735
-0.056065634
1.700318598
-0.795595836
-0.703154561
-0.33338946
-0.148506909
0.036375642
-0.056065634
-1.257802213
0.221258193
-1.072919662
-0.980478387
-0.51827201
-0.703154561
-0.980478387
-0.425830735
-0.980478387
-1.257802213
-1.627567315
0.221258193
-1.442684764
-1.257802213
-0.980478387
-0.148506909
2.439848801
1.145670946
0.036375642
1.515436048
1.145670946
0.591023294
0.498582019
-0.056065634
1.422994772
0.128816917
1.238112222
1.422994772
1.515436048
0.406140743
-0.240948184
0.775905845
-0.240948184
0.036375642
-0.33338946
0.775905845
0.128816917
-1.257802213
-0.610713286
-0.980478387
-0.425830735
1.145670946
0.591023294
1.053229671
0.221258193
-1.257802213
0.683464569
-1.257802213
0.683464569
-0.056065634
-0.148506909
-0.795595836
0.960788395
1.053229671
0.036375642
-0.33338946
1.330553497
-0.33338946
2.254966251
3.45670283
1.515436048
1.700318598
0.128816917
1.330553497
-0.51827201
1.145670946
0.406140743
2.0700837
0.313699468
1.422994772
0.221258193
0.86834712
1.145670946
0.221258193
3.179379004
1.607877323
1.792759874
1.422994772
-0.240948184
1.145670946
1.422994772
1.053229671
-1.257802213
0.406140743
0.960788395
-1.072919662
1.238112222
0.960788395
0.683464569
-0.056065634
1.145670946
-0.425830735
0.128816917
-1.165360938
-0.51827201
0.128816917
-0.703154561
0.221258193
-0.980478387
-0.795595836
-1.442684764
-0.425830735
-0.610713286
-1.442684764
-0.888037112
0.128816917
0.406140743
-0.795595836
-0.33338946
-0.51827201
-0.703154561
-1.350243489
-0.148506909
0.406140743
1.422994772
0.591023294
-0.888037112
-0.056065634
0.128816917
0.313699468
0.036375642
-0.610713286
-0.148506909
0.406140743
-0.795595836
-0.610713286
0.221258193
0.775905845
-0.240948184
0.221258193
-1.442684764
-0.425830735
-0.610713286
-0.33338946
-0.51827201
-0.425830735
-0.425830735
-0.240948184
-0.425830735
-0.33338946
-0.056065634
-0.610713286
-0.610713286
-0.888037112
-0.240948184
-0.610713286
-0.056065634
-0.51827201
-0.980478387
-0.240948184
-0.980478387
-0.703154561
-1.442684764
-0.703154561
-0.33338946
-0.33338946
0.498582019
-0.703154561
-1.350243489
-0.980478387
-0.425830735
0.036375642
0.036375642
-1.72000859
-0.148506909
1.238112222
0.036375642
-0.240948184
0.036375642
0.683464569
-0.703154561
-1.627567315
-0.980478387
-0.056065634
-0.148506909
0.036375642
-0.056065634
1.700318598
0.221258193
2.254966251
1.792759874
0.498582019
0.775905845
0.128816917
-0.610713286
0.221258193
-1.627567315
0.221258193
0.036375642
-0.703154561
0.221258193
0.036375642
-0.240948184
0.036375642
0.036375642
0.406140743
0.86834712
-0.240948184
-0.148506909
-0.888037112
1.700318598
0.221258193
0.498582019
-0.056065634
0.128816917
-0.610713286
1.422994772
0.591023294
0.221258193
-0.425830735
1.792759874
-0.33338946
-0.056065634
-0.148506909
-0.425830735
-0.056065634
-0.33338946
-0.33338946
-0.425830735
-0.240948184
0.128816917
0.775905845
0.406140743
-0.240948184
1.792759874
0.591023294
2.0700837
1.607877323
2.809613903
0.960788395
-0.056065634
-0.240948184
0.221258193
-1.165360938
-0.33338946
-0.795595836
1.885201149
-2.089773691
-1.627567315
-1.442684764
1.238112222
0.313699468
0.406140743
-0.056065634
0.86834712
1.792759874
-0.240948184
-1.165360938
0.683464569
2.254966251
-0.425830735
0.406140743
0.960788395
1.145670946
1.977642424
1.885201149
-0.148506909
0.221258193
0.221258193
0.86834712
0.591023294
0.86834712
0.775905845
-0.056065634
0.498582019
-0.51827201
-0.980478387
-0.240948184
1.515436048
-0.33338946
-1.257802213
-0.33338946
-2.551980068
-0.240948184
-0.795595836
-0.425830735
0.960788395
0.221258193
-0.33338946
0.406140743
1.607877323
-1.165360938
1.053229671
-0.610713286
-1.627567315
-1.165360938
-1.535126039
0.775905845
-2.089773691
-1.535126039
-1.812449865
-0.056065634
0.683464569
1.422994772
0.406140743
0.313699468
0.036375642
1.515436048
-0.148506909
-1.072919662
-0.610713286
-0.425830735
-0.056065634
1.515436048
0.221258193
0.036375642
-0.980478387
0.683464569
1.238112222
0.498582019
-0.056065634
1.053229671
0.86834712
-1.165360938
0.498582019
-1.072919662
-0.703154561
0.775905845
1.515436048
1.422994772
0.036375642
-0.33338946
0.498582019
-0.51827201
0.683464569
-0.610713286
-0.148506909
-1.165360938
0.221258193
0.591023294
1.515436048
0.313699468
-0.148506909
0.313699468
-1.535126039
0.036375642
0.313699468
0.775905845
-0.888037112
-0.240948184
2.439848801
1.422994772
0.406140743
0.86834712
1.515436048
0.406140743
2.994496453
2.717172627
0.036375642
2.254966251
-0.240948184
-0.51827201
1.145670946
-0.610713286
0.406140743
0.683464569
-0.056065634
0.036375642
0.683464569
0.86834712
-1.442684764
1.700318598
1.515436048
0.591023294
-0.148506909
-0.888037112
1.053229671
-0.51827201
-0.240948184
-0.056065634
0.498582019
0.128816917
-0.056065634
-0.703154561
-0.33338946
1.515436048
-0.795595836
-0.33338946
-0.795595836
0.221258193
0.313699468
0.128816917
-1.072919662
0.128816917
0.683464569
0.313699468
0.406140743
-0.795595836
-2.367097518
0.221258193
1.422994772
0.036375642
1.238112222
0.591023294
-0.51827201
0.313699468
0.406140743
0.036375642
-0.980478387
-0.888037112
1.792759874
0.86834712
-0.33338946
-0.703154561
-0.148506909
-0.056065634
-0.610713286
1.145670946
-0.240948184
0.036375642
-0.795595836
-0.795595836
1.053229671
1.238112222
-0.148506909
-0.610713286
0.128816917
-0.056065634
-0.33338946
1.792759874
-0.888037112
2.347407526
1.145670946
-1.812449865
1.053229671
0.775905845
-0.425830735
-0.610713286
0.128816917
0.128816917
1.238112222
-0.703154561
2.439848801
0.036375642
0.683464569
0.406140743
0.498582019
-0.240948184
-1.072919662
-1.165360938
1.792759874
0.221258193
-0.888037112
0.128816917
0.498582019
-0.610713286
0.960788395
-0.240948184
-1.350243489
-0.980478387
-1.997332416
-1.627567315
-0.703154561
-0.888037112
0.036375642
1.792759874
-0.056065634
-0.425830735
0.406140743
0.406140743
0.960788395
-0.056065634
-0.240948184
-0.51827201
-0.240948184
0.775905845
-1.627567315
-1.072919662
-0.148506909
-0.33338946
0.406140743
-1.350243489
-0.795595836
-0.703154561
1.145670946
0.221258193
-0.888037112
1.422994772
0.86834712
0.128816917
0.683464569
0.313699468
0.128816917
-0.610713286
0.313699468
0.86834712
0.036375642
0.498582019
-1.257802213
0.036375642
-0.980478387
-0.425830735
-1.627567315
1.145670946
-0.610713286
0.406140743
0.221258193
1.053229671
0.683464569
0.960788395
0.406140743
-0.888037112
0.406140743
1.515436048
-0.056065634
1.330553497
-0.148506909
0.128816917
1.607877323
-1.904891141
0.960788395
0.498582019
-0.056065634
0.775905845
0.036375642
0.775905845
-0.240948184
-0.703154561
1.422994772
0.86834712
-0.240948184
-0.425830735
0.221258193
0.313699468
1.607877323
-0.795595836
-0.703154561
-0.056065634
-0.703154561
0.036375642
-1.627567315
-1.165360938
-0.980478387
0.683464569
1.515436048
-0.888037112
0.221258193
-0.610713286
0.775905845
-0.703154561
0.221258193
0.036375642
-0.51827201
0.960788395
-0.240948184
0.313699468
0.591023294
-0.148506909
2.532290077
0.221258193
1.700318598
-1.072919662
-0.33338946
0.313699468
-0.148506909
-2.736862619
-0.33338946
-0.056065634
-0.056065634
0.406140743
-0.610713286
1.607877323
-1.165360938
0.036375642
0.036375642
0.775905845
-0.51827201
1.515436048
-1.072919662
-0.703154561
0.775905845
1.145670946
-0.703154561
-0.425830735
-1.904891141
-0.610713286
-0.980478387
-0.51827201
1.885201149
0.498582019
0.036375642
-0.610713286
0.406140743
-0.51827201
-0.148506909
-0.425830735
-0.610713286
-0.703154561
1.515436048
0.591023294
-1.257802213
0.498582019
0.313699468
0.036375642
2.254966251
-0.888037112
3.45670283
-0.33338946
0.86834712
1.700318598
-1.165360938
-0.888037112
-0.888037112
1.885201149
-0.795595836
-0.703154561
2.532290077
1.053229671
0.406140743
-0.240948184
-1.072919662
0.960788395
0.036375642
-0.425830735
-0.610713286
-0.795595836
-1.257802213
-0.610713286
-0.795595836
-1.812449865
-1.72000859
-1.165360938
1.977642424
0.221258193
-0.795595836
-0.056065634
-0.980478387
0.221258193
-1.165360938
-0.703154561
-0.056065634
-0.425830735
-0.888037112
-0.056065634
-0.056065634
-3.661275373
-0.51827201
-0.240948184
-1.535126039
-1.257802213
-0.888037112
-1.257802213
-1.257802213
-0.795595836
-1.72000859
0.036375642
-0.888037112
-1.535126039
1.607877323
-1.350243489
-0.888037112
2.347407526
-1.072919662
-0.610713286
-0.980478387
-1.350243489
-1.350243489
-0.056065634
-1.072919662
1.792759874
0.591023294
-0.980478387
-1.165360938
0.221258193
-0.795595836
-0.980478387
-0.795595836
-0.888037112
-1.442684764
-0.148506909
-0.888037112
-0.795595836
0.406140743
-0.980478387
0.221258193
-0.795595836
0.498582019
-1.627567315
-0.240948184
-1.350243489
-0.610713286
0.498582019
-0.980478387
0.221258193
-0.33338946
-0.51827201
-0.610713286
-0.056065634
0.498582019
0.221258193
-1.535126039
-0.610713286
0.775905845
-0.33338946
-1.165360938
0.128816917
-1.72000859
0.498582019
-2.182214967
-0.056065634
-1.72000859
-1.257802213
-0.703154561
-0.610713286
-0.703154561
-0.148506909
-1.072919662
-1.257802213
-0.148506909
-1.904891141
-1.535126039
-1.627567315
-1.442684764
-1.072919662
-1.812449865
-1.535126039
-1.072919662
-1.165360938
-1.350243489
-0.51827201
-1.257802213
-0.148506909
-0.980478387
0.313699468
-1.257802213
-1.442684764
-0.795595836
-0.795595836
-0.056065634
1.238112222
0.960788395
-0.425830735
-0.148506909
-0.056065634
0.683464569
-0.148506909
-0.056065634
-1.627567315
-1.072919662
1.792759874
-1.165360938
-0.33338946
0.128816917
0.221258193
-0.148506909
0.036375642
2.254966251
1.422994772
-0.703154561
0.313699468
0.313699468
-1.072919662
1.145670946
-1.350243489
-0.056065634
0.86834712
0.313699468
-1.072919662
1.885201149
-0.888037112
0.128816917
0.313699468
0.036375642
-1.072919662
-0.240948184
-0.056065634
1.145670946
1.700318598
0.221258193
-0.148506909
0.591023294
-0.51827201
-0.795595836
0.498582019
-1.257802213
0.128816917
0.86834712
-1.72000859
-0.610713286
0.498582019
0.498582019
1.607877323
0.683464569
0.036375642
1.700318598
-1.72000859
-0.610713286
0.036375642
-0.33338946
-1.165360938
-1.442684764
-0.980478387
-1.535126039
-1.627567315
-1.535126039
-0.425830735
0.128816917
-0.425830735
-2.089773691
-1.072919662
1.422994772
-0.703154561
0.498582019
1.238112222
1.330553497
-1.627567315
2.809613903
0.86834712
-0.425830735
0.960788395
0.221258193
0.128816917
-1.535126039
-1.442684764
-1.72000859
-0.610713286
-1.072919662
-0.703154561
-0.610713286
-1.257802213
-0.51827201
-0.240948184
-0.056065634
-0.980478387
0.86834712
-0.056065634
1.238112222
0.498582019
-0.33338946
0.128816917
-1.072919662
-0.425830735
-1.812449865
-1.72000859
