length
0.592252368
-0.000360721
0.695315513
-0.051892294
0.798378659
1.494054894
-1.056757966
-0.644505383
-0.567208023
-0.489910664
0.360360289
1.030270738
-0.979460607
1.210631243
-1.314415831
-1.82973156
-0.902163247
-0.773334315
-0.541442237
-1.469010549
1.339460175
-0.644505383
-0.618739596
-2.499642008
0.128468211
-0.206487013
0.231531357
1.210631243
-1.082523752
-1.778199987
-0.232252799
0.875676019
0.566486581
-0.541442237
-0.644505383
-0.927929034
0.308828717
1.056036524
0.154233998
0.7210813
-0.206487013
1.803244331
0.952973378
0.128468211
1.545586467
-0.799100101
1.004504951
0.746847086
0.102702425
1.313694389
0.978739165
0.7210813
-0.464144877
0.437657649
1.468289107
1.339460175
0.566486581
-0.824865888
-0.103423867
1.365225962
0.463423435
1.442523321
1.777478545
1.15909967
0.102702425
0.566486581
0.231531357
-0.283784372
0.308828717
0.952973378
1.056036524
1.056036524
0.540720795
1.803244331
0.7210813
-0.541442237
1.803244331
-1.649371055
1.004504951
0.128468211
0.154233998
1.545586467
-0.15495544
0.360360289
-0.361081731
1.030270738
0.643783941
-0.541442237
0.978739165
1.983604837
0.437657649
-0.309550159
0.540720795
-0.51567645
1.416757534
-0.07765808
0.205765571
-2.62847094
-0.15495544
0.927207592
0.566486581
1.468289107
1.59711804
-2.834597232
-0.129189653
-2.680002513
-1.340181617
-2.035857852
-0.180721226
-2.937660378
2.498920566
0.566486581
0.334594503
-0.258018586
0.025405065
0.824144446
-2.216218357
-2.62847094
-0.721802742
1.468289107
0.618018154
-0.799100101
0.618018154
0.360360289
-0.361081731
-0.000360721
-0.180721226
0.025405065
0.437657649
-0.15495544
0.437657649
-0.15495544
-0.489910664
-0.335315945
-0.464144877
0.28306293
0.334594503
1.725946972
1.313694389
0.28306293
-0.051892294
-0.000360721
0.849910232
0.257297144
-0.232252799
0.927207592
1.622883826
1.468289107
-3.581805039
0.978739165
0.618018154
0.437657649
-0.180721226
0.179999784
1.056036524
1.416757534
-0.438379091
-2.370813076
-0.876397461
0.28306293
0.514955008
-0.541442237
0.334594503
-0.206487013
0.798378659
0.643783941
1.107568097
0.901441805
1.339460175
1.210631243
-1.108289539
0.978739165
0.231531357
0.489189222
-0.026126507
0.669549727
0.566486581
0.978739165
-1.649371055
0.592252368
-0.438379091
-0.876397461
-0.876397461
1.545586467
1.648649613
1.545586467
-0.258018586
0.849910232
0.025405065
0.437657649
0.411891862
0.553603688
-0.979460607
-0.927929034
0.179999784
1.030270738
1.107568097
-0.026126507
-1.082523752
-0.721802742
0.28306293
0.411891862
0.463423435
0.308828717
1.133333883
-0.283784372
0.128468211
-0.258018586
0.927207592
-0.412613304
0.7210813
0.102702425
0.257297144
-0.464144877
0.849910232
0.592252368
0.154233998
0.489189222
0.386126076
-0.386847518
-0.386847518
0.695315513
1.829010118
0.360360289
0.592252368
0.386126076
0.334594503
-0.258018586
0.927207592
1.004504951
1.133333883
1.262162816
0.875676019
1.339460175
-0.309550159
0.205765571
-0.567208023
1.932073264
0.076936638
0.025405065
-2.164686784
1.59711804
0.179999784
0.308828717
-0.386847518
0.489189222
-0.489910664
-2.911894591
-0.412613304
-0.644505383
-1.443244763
-1.469010549
1.08180231
0.824144446
0.618018154
-0.000360721
-0.129189653
0.411891862
0.540720795
-0.541442237
0.231531357
0.28306293
-0.258018586
-0.361081731
0.798378659
-0.180721226
0.179999784
0.051170852
1.468289107
0.154233998
-0.850631674
-0.309550159
1.442523321
-2.061623638
-2.19045257
0.360360289
-1.958560492
-0.850631674
-0.747568528
-0.000360721
1.287928602
-0.799100101
0.128468211
0.360360289
0.772612873
0.978739165
-0.438379091
0.514955008
0.28306293
0.772612873
0.154233998
-0.721802742
0.051170852
-0.129189653
-0.59297381
-0.232252799
-1.417478976
0.875676019
0.875676019
0.334594503
0.669549727
-0.567208023
-1.03099218
-0.721802742
-1.082523752
0.643783941
0.411891862
1.700181186
0.824144446
0.205765571
1.210631243
1.262162816
0.179999784
0.386126076
1.056036524
1.59711804
1.15909967
0.901441805
0.618018154
-0.258018586
-0.438379091
-0.206487013
-0.129189653
-0.283784372
-0.000360721
1.12045099
-3.118020883
0.514955008
0.205765571
1.829010118
0.154233998
0.875676019
2.473154779
1.056036524
-0.541442237
1.184865456
0.154233998
-0.747568528
0.025405065
-1.649371055
-1.649371055
-1.03099218
1.545586467
0.154233998
-0.412613304
-0.618739596
0.205765571
-0.412613304
-0.696036956
-0.412613304
-0.129189653
-0.051892294
0.566486581
1.390991748
-0.000360721
0.154233998
-1.417478976
-3.092255097
0.849910232
-0.386847518
0.334594503
0.437657649
0.489189222
0.978739165
-0.258018586
0.28306293
0.643783941
0.154233998
0.540720795
0.231531357
0.798378659
-0.000360721
-0.206487013
-0.824865888
-0.051892294
1.030270738
-0.464144877
-0.026126507
0.849910232
-0.747568528
0.592252368
0.051170852
0.618018154
0.411891862
-0.206487013
0.257297144
0.618018154
0.463423435
-0.850631674
-0.799100101
0.102702425
0.205765571
-0.850631674
0.746847086
1.133333883
0.643783941
1.545586467
-0.850631674
-0.386847518
-1.005226393
-0.103423867
-0.000360721
0.849910232
1.545586467
0.051170852
0.514955008
-0.15495544
-1.082523752
-1.520542122
-0.283784372
-1.005226393
-0.07765808
-0.464144877
-0.103423867
-0.979460607
0.128468211
0.437657649
-0.644505383
1.262162816
-0.979460607
-1.005226393
-1.984326279
0.205765571
0.360360289
-0.258018586
-1.984326279
-0.696036956
0.179999784
-0.721802742
-0.773334315
-0.902163247
-1.494776336
-1.005226393
-0.07765808
-2.216218357
-1.778199987
-1.365947404
-0.567208023
-0.721802742
-1.469010549
-0.567208023
-2.138920997
-2.216218357
0.772612873
-0.335315945
-0.95369482
-0.799100101
-1.108289539
-1.417478976
-1.108289539
0.308828717
0.28306293
-2.564056474
1.056036524
-1.314415831
-1.108289539
-1.262884258
-0.799100101
-0.258018586
-0.309550159
-0.644505383
-0.412613304
0.514955008
0.7210813
0.076936638
-1.237118471
0.669549727
-2.62847094
-0.232252799
-0.59297381
-1.700902628
1.313694389
0.798378659
-1.778199987
-0.438379091
-0.103423867
-0.489910664
-0.026126507
0.746847086
0.025405065
2.782344217
-1.932794706
-0.59297381
-1.700902628
0.386126076
-0.51567645
-1.417478976
-1.803965773
-0.026126507
-0.696036956
-0.000360721
1.468289107
-1.597839482
0.360360289
-0.361081731
-0.927929034
-0.335315945
-0.129189653
-1.185586898
0.179999784
-0.361081731
-1.443244763
-1.623605268
-1.623605268
-0.386847518
0.076936638
-0.799100101
0.746847086
-0.051892294
0.051170852
0.489189222
-0.206487013
0.154233998
-0.206487013
0.618018154
2.576217925
0.824144446
1.545586467
0.128468211
0.618018154
0.386126076
-0.051892294
-0.747568528
-0.026126507
-0.979460607
0.025405065
0.489189222
-1.932794706
-0.283784372
-0.258018586
0.386126076
-1.03099218
-0.618739596
-0.026126507
0.128468211
-1.520542122
-1.288650044
1.365225962
1.236397029
0.308828717
-0.026126507
0.334594503
0.28306293
0.514955008
-0.876397461
-0.258018586
-0.696036956
-0.438379091
0.231531357
-1.082523752
0.28306293
1.107568097
-0.773334315
-0.026126507
0.257297144
-0.902163247
-0.670271169
-0.309550159
-0.412613304
-0.180721226
0.618018154
-0.902163247
0.334594503
-0.670271169
0.772612873
-1.417478976
0.618018154
-0.000360721
0.051170852
-0.000360721
-0.721802742
-3.169552456
0.669549727
-0.721802742
1.030270738
0.772612873
-0.000360721
2.498920566
0.179999784
-0.902163247
-0.721802742
2.060902196
-1.185586898
-0.696036956
2.679281071
-1.39171319
0.076936638
0.566486581
-0.412613304
0.746847086
-0.103423867
0.076936638
-0.412613304
-0.438379091
0.102702425
0.489189222
-0.15495544
-0.464144877
0.154233998
0.875676019
-1.288650044
0.231531357
0.695315513
0.643783941
-0.59297381
1.442523321
-0.335315945
-0.283784372
1.236397029
-1.237118471
0.463423435
0.798378659
-0.026126507
0.952973378
-0.258018586
-1.005226393
-0.567208023
0.128468211
0.360360289
-0.386847518
1.236397029
-0.696036956
-0.386847518
-0.567208023
-0.876397461
1.133333883
0.257297144
1.416757534
-0.283784372
-0.670271169
0.128468211
-0.103423867
1.15909967
1.339460175
1.236397029
1.08180231
-0.386847518
-1.546307909
0.154233998
-0.618739596
1.416757534
0.386126076
0.179999784
-0.618739596
-0.438379091
0.514955008
-0.103423867
0.179999784
1.107568097
0.875676019
0.205765571
-0.747568528
-0.361081731
-1.340181617
-0.902163247
-0.07765808
0.102702425
-0.927929034
0.076936638
-0.979460607
0.772612873
-0.670271169
-0.567208023
0.7210813
0.205765571
-0.051892294
0.772612873
-0.309550159
-0.386847518
0.566486581
0.643783941
1.339460175
0.334594503
-0.644505383
-0.824865888
0.978739165
0.205765571
0.076936638
-0.95369482
-0.59297381
0.128468211
1.365225962
-0.026126507
0.514955008
5.668112301
-0.902163247
-1.340181617
0.514955008
-0.696036956
1.674415399
-0.541442237
0.411891862
1.725946972
0.386126076
-1.082523752
-0.876397461
0.618018154
-0.309550159
-1.082523752
-0.927929034
-0.232252799
-0.773334315
-0.721802742
-1.056757966
-0.902163247
-1.469010549
-1.314415831
-1.520542122
1.339460175
0.386126076
-0.206487013
-0.824865888
1.15909967
-0.386847518
-0.258018586
-0.206487013
-0.51567645
-0.15495544
-0.464144877
1.210631243
1.339460175
0.076936638
-0.541442237
-0.747568528
0.463423435
-0.258018586
-0.103423867
0.489189222
0.7210813
0.463423435
0.437657649
0.102702425
0.489189222
0.463423435
1.880541691
1.494054894
-0.000360721
-0.258018586
-0.386847518
-0.696036956
-2.164686784
-1.185586898
0.308828717
0.360360289
0.025405065
-1.262884258
-0.438379091
-0.721802742
-0.361081731
0.308828717
0.154233998
0.025405065
0.179999784
-0.670271169
-0.824865888
0.102702425
0.231531357
-0.258018586
-0.335315945
-0.361081731
0.308828717
-0.07765808
-1.082523752
-1.185586898
-0.979460607
0.076936638
0.025405065
0.231531357
-1.134055325
-0.927929034
0.257297144
-0.799100101
-0.902163247
-0.618739596
-0.206487013
0.746847086
-0.489910664
-0.696036956
-0.799100101
-0.335315945
-0.824865888
-0.258018586
0.424774756
0.154233998
-0.412613304
-0.51567645
-0.15495544
-0.232252799
-1.108289539
-1.056757966
-0.386847518
0.28306293
-0.335315945
0.411891862
1.287928602
0.927207592
-0.438379091
0.360360289
1.416757534
-0.51567645
-2.525407794
1.906307477
-0.59297381
-0.567208023
-0.876397461
-1.288650044
-0.824865888
-0.824865888
-2.834597232
-0.95369482
-2.216218357
-1.237118471
0.205765571
0.772612873
0.489189222
0.411891862
0.102702425
0.102702425
-0.283784372
-0.95369482
0.514955008
-0.773334315
-0.438379091
-1.39171319
-2.757299873
0.076936638
0.28306293
0.102702425
-0.618739596
1.262162816
-0.386847518
1.287928602
2.163965342
-0.103423867
-0.59297381
-0.541442237
0.592252368
-0.696036956
1.287928602
1.030270738
-0.618739596
-0.206487013
0.618018154
-0.464144877
-0.438379091
-0.335315945
0.901441805
-0.51567645
1.030270738
-0.541442237
-0.721802742
-0.386847518
-1.907028919
-0.773334315
-0.59297381
0.051170852
-0.902163247
-0.567208023
-0.51567645
1.416757534
-0.927929034
1.777478545
0.076936638
-0.696036956
1.262162816
-0.464144877
0.489189222
1.700181186
0.901441805
0.669549727
0.643783941
0.386126076
0.128468211
0.411891862
0.540720795
0.051170852
-0.464144877
-1.005226393
0.051170852
-0.335315945
-0.103423867
-0.489910664
-0.464144877
-0.489910664
1.210631243
0.076936638
-0.799100101
-0.129189653
0.025405065
0.334594503
-0.902163247
-0.876397461
-0.361081731
-0.258018586
0.025405065
-0.824865888
1.004504951
0.334594503
-2.589822261
-2.216218357
0.051170852
-0.51567645
0.695315513
0.824144446
-0.180721226
-0.927929034
-0.309550159
0.7210813
-0.464144877
-0.850631674
0.334594503
1.416757534
-0.309550159
0.360360289
1.043153631
0.28306293
0.231531357
1.08180231
0.7210813
0.437657649
0.28306293
-1.211352685
0.128468211
-0.51567645
-0.799100101
-0.721802742
-0.026126507
-0.876397461
-1.056757966
-0.979460607
-1.262884258
-0.335315945
-0.258018586
0.128468211
-1.005226393
0.746847086
-1.082523752
-1.108289539
-0.979460607
-0.232252799
0.012522172
-0.283784372
0.566486581
-0.283784372
-0.180721226
-0.876397461
-0.15495544
-0.335315945
-0.180721226
0.051170852
-0.51567645
-1.7524342
0.308828717
-0.541442237
-0.051892294
-0.567208023
-0.618739596
0.308828717
0.7210813
0.489189222
1.59711804
1.15909967
-1.03099218
-0.15495544
0.824144446
0.025405065
-0.309550159
-0.721802742
0.540720795
-0.541442237
0.978739165
-0.15495544
-0.902163247
0.154233998
-0.15495544
0.179999784
0.772612873
0.901441805
0.360360289
-0.386847518
-1.005226393
-0.799100101
-0.206487013
1.700181186
0.7210813
-0.902163247
0.7210813
-0.232252799
-0.051892294
-0.927929034
1.635766719
1.287928602
0.025405065
-1.443244763
0.231531357
0.798378659
-0.979460607
0.540720795
-0.618739596
-0.799100101
-3.607570826
-0.206487013
-0.026126507
-1.649371055
-0.696036956
1.365225962
-0.464144877
0.540720795
-1.469010549
0.28306293
-0.07765808
2.03513641
0.257297144
-1.159821112
-0.464144877
-0.026126507
0.592252368
1.030270738
0.643783941
0.7210813
0.592252368
0.978739165
0.695315513
-0.026126507
1.262162816
0.386126076
-0.361081731
-0.386847518
0.386126076
1.056036524
0.308828717
0.7210813
-0.799100101
-2.808831445
-0.15495544
1.700181186
1.107568097
-0.386847518
1.803244331
0.411891862
-0.309550159
1.365225962
1.59711804
1.700181186
-0.412613304
1.442523321
1.95783905
1.08180231
-0.59297381
1.390991748
0.605135261
-0.039009401
1.107568097
1.648649613
1.51982068
-0.026126507
0.514955008
0.695315513
0.7210813
1.725946972
1.648649613
0.75972998
1.004504951
-0.438379091
-0.541442237
0.643783941
1.571352253
-0.386847518
-0.309550159
0.952973378
1.59711804
-0.232252799
-0.464144877
-0.799100101
-0.412613304
-2.602705154
-1.39171319
-0.15495544
-0.979460607
-0.283784372
-1.134055325
1.056036524
0.076936638
0.102702425
0.386126076
0.102702425
0.411891862
1.365225962
0.978739165
-0.000360721
-0.696036956
1.08180231
0.695315513
-0.180721226
-0.309550159
0.746847086
0.463423435
0.566486581
-0.824865888
-1.572073695
0.154233998
1.674415399
1.442523321
0.076936638
0.154233998
-0.283784372
-0.361081731
1.004504951
0.514955008
-3.246849815
-0.438379091
0.824144446
-2.113155211
-1.340181617
-3.272615602
-1.082523752
0.7210813
-0.258018586
-2.422344649
-1.185586898
-0.799100101
-1.005226393
0.514955008
-0.258018586
-1.185586898
1.030270738
-0.541442237
-0.644505383
-1.185586898
0.360360289
0.154233998
1.339460175
-0.644505383
0.514955008
1.545586467
0.669549727
1.751712758
2.060902196
-0.438379091
1.210631243
-0.773334315
-0.927929034
-0.59297381
0.914324698
-0.180721226
-0.129189653
-0.567208023
-0.206487013
0.901441805
0.28306293
-0.051892294
0.514955008
-0.850631674
-0.670271169
-0.103423867
-0.335315945
0.154233998
0.566486581
-1.185586898
0.360360289
-0.206487013
-0.386847518
0.308828717
-0.541442237
-1.855497346
0.386126076
-0.129189653
0.463423435
-0.232252799
-0.399730411
-0.567208023
-0.567208023
-0.026126507
-0.773334315
-0.026126507
-1.726668414
-1.597839482
-0.361081731
0.7210813
-0.618739596
-1.03099218
-0.07765808
-1.984326279
-0.824865888
-0.489910664
0.978739165
0.618018154
0.824144446
-0.206487013
-1.134055325
-0.747568528
-1.417478976
-0.103423867
-0.59297381
-0.696036956
0.051170852
-0.309550159
1.236397029
0.901441805
-1.082523752
0.386126076
0.205765571
0.952973378
-0.000360721
1.468289107
-0.283784372
-0.180721226
0.025405065
0.824144446
-0.361081731
0.179999784
0.051170852
-0.386847518
-0.696036956
0.102702425
0.308828717
0.618018154
-0.773334315
-0.206487013
0.437657649
-0.670271169
0.824144446
1.030270738
0.463423435
-0.696036956
-0.412613304
0.940090485
0.102702425
0.386126076
-1.185586898
0.386126076
-0.258018586
0.154233998
-0.309550159
-0.232252799
1.442523321
0.901441805
-0.799100101
-0.876397461
-1.134055325
0.076936638
0.128468211
-0.670271169
-0.283784372
1.803244331
-1.314415831
-0.232252799
-0.129189653
-0.051892294
-0.773334315
-0.412613304
-0.15495544
0.102702425
-0.335315945
1.854775904
2.39585742
0.308828717
1.506937787
0.089819532
-0.464144877
-0.747568528
1.236397029
-0.258018586
0.849910232
-1.134055325
-0.026126507
-2.113155211
-2.216218357
-0.59297381
0.901441805
0.514955008
-0.335315945
-0.026126507
-0.644505383
0.386126076
0.154233998
-0.979460607
1.648649613
0.231531357
1.313694389
0.592252368
-0.51567645
1.133333883
0.231531357
0.025405065
0.192882677
0.437657649
1.416757534
0.205765571
0.952973378
0.643783941
2.83387579
-0.361081731
-0.206487013
0.231531357
0.669549727
-0.721802742
1.777478545
-0.193604119
0.205765571
-1.365947404
1.416757534
1.55846936
0.205765571
1.725946972
0.463423435
0.824144446
-0.773334315
0.28306293
0.076936638
-1.03099218
-0.51567645
0.7210813
0.360360289
-0.258018586
-0.438379091
-1.03099218
0.437657649
1.004504951
0.566486581
0.128468211
0.952973378
1.133333883
1.545586467
0.592252368
0.386126076
2.163965342
0.257297144
-0.438379091
-0.644505383
1.184865456
0.566486581
-0.232252799
0.411891862
1.107568097
-1.211352685
0.102702425
0.514955008
-2.422344649
-0.979460607
-2.680002513
-3.452976107
-2.241984143
1.880541691
-0.103423867
-1.185586898
0.411891862
-0.721802742
-0.747568528
-1.675136841
-0.412613304
0.28306293
-1.7524342
1.648649613
-2.602705154
-2.911894591
-2.808831445
-2.19045257
-1.855497346
-2.164686784
-2.293515716
-2.641353833
-1.056757966
-0.528559343
-1.803965773
-1.984326279
-1.185586898
-2.035857852
0.540720795
-0.618739596
-2.525407794
0.28306293
-0.026126507
-0.811982995
0.179999784
0.952973378
0.076936638
-1.159821112
-1.546307909
-1.365947404
-1.237118471
-1.984326279
-2.216218357
-1.881263133
-2.138920997
-0.850631674
-2.757299873
-2.551173581
-2.138920997
-1.907028919
0.952973378
0.437657649
-3.337030068
-1.778199987
-1.572073695
-0.335315945
-0.567208023
-1.675136841
-2.396578862
0.179999784
0.514955008
-0.902163247
0.205765571
-1.237118471
0.463423435
-1.288650044
1.339460175
0.308828717
0.785495766
-0.979460607
0.901441805
-0.902163247
-2.216218357
-1.314415831
-0.95369482
-0.283784372
-0.283784372
0.927207592
0.875676019
-0.799100101
0.514955008
-0.361081731
0.257297144
0.618018154
-1.520542122
1.030270738
0.798378659
0.824144446
1.545586467
-0.489910664
1.854775904
1.223514136
0.952973378
-0.95369482
-2.113155211
-0.51567645
-1.365947404
0.025405065
-1.340181617
1.056036524
0.411891862
0.489189222
1.442523321
0.643783941
1.390991748
-0.721802742
-0.644505383
-0.747568528
1.210631243
-2.26774993
-1.134055325
-0.412613304
-1.494776336
-1.39171319
-1.984326279
-2.7057683
-1.159821112
1.056036524
-0.927929034
-0.51567645
0.618018154
0.618018154
-1.469010549
-1.056757966
-0.026126507
0.618018154
1.210631243
-0.438379091
1.030270738
-0.824865888
-0.206487013
1.133333883
-0.386847518
-0.051892294
0.901441805
0.514955008
0.128468211
0.076936638
0.205765571
0.824144446
0.231531357
-0.902163247
-0.412613304
-0.438379091
0.643783941
0.437657649
-0.180721226
1.004504951
0.025405065
-0.07765808
-0.206487013
-2.216218357
-1.958560492
0.489189222
0.952973378
-1.005226393
-0.258018586
-1.288650044
-0.15495544
-0.773334315
0.901441805
-0.51567645
-0.618739596
-0.129189653
0.927207592
1.056036524
0.669549727
0.257297144
0.798378659
-1.056757966
-1.649371055
-1.417478976
-0.670271169
-1.211352685
-0.618739596
0.128468211
-0.15495544
-2.62847094
-1.005226393
-0.206487013
0.695315513
0.514955008
1.287928602
0.437657649
0.746847086
0.308828717
0.411891862
0.695315513
0.875676019
1.15909967
1.494054894
0.360360289
0.386126076
-0.644505383
-0.567208023
0.489189222
-0.129189653
1.51982068
-0.361081731
-0.747568528
0.231531357
0.772612873
-0.59297381
-0.721802742
-1.082523752
-1.082523752
-0.902163247
-1.108289539
-0.902163247
2.009370623
1.210631243
0.875676019
-0.541442237
1.610000933
1.854775904
-1.005226393
0.849910232
1.777478545
0.154233998
0.411891862
-0.721802742
-0.721802742
0.914324698
0.463423435
0.875676019
1.287928602
0.128468211
0.618018154
-0.773334315
-2.911894591
-0.59297381
-0.850631674
0.154233998
-0.206487013
-0.618739596
1.416757534
1.313694389
-0.051892294
0.592252368
-0.747568528
0.489189222
-0.000360721
0.927207592
0.386126076
-0.206487013
1.648649613
1.571352253
-1.159821112
-1.675136841
-0.000360721
1.339460175
-0.59297381
-1.159821112
0.437657649
0.618018154
-0.618739596
0.669549727
-1.675136841
-0.026126507
-0.129189653
1.15909967
1.262162816
-0.15495544
-0.07765808
0.386126076
0.102702425
-0.258018586
-0.15495544
0.179999784
0.798378659
-0.000360721
1.15909967
-0.07765808
0.28306293
0.514955008
0.411891862
-2.010092065
-0.386847518
1.429640428
-0.438379091
0.7210813
1.584235146
-0.07765808
1.416757534
1.210631243
1.59711804
-0.07765808
1.494054894
1.08180231
0.952973378
1.15909967
0.386126076
0.154233998
0.927207592
-0.283784372
1.416757534
1.184865456
0.051170852
0.978739165
0.875676019
-0.309550159
1.365225962
1.004504951
0.618018154
1.687298292
1.030270738
1.442523321
0.798378659
1.107568097
1.442523321
0.28306293
-1.134055325
1.442523321
-0.412613304
-0.283784372
0.695315513
1.51982068
0.257297144
0.618018154
0.592252368
-0.180721226
0.179999784
0.437657649
0.746847086
0.463423435
1.107568097
0.901441805
2.202614022
0.205765571
-0.129189653
0.566486581
-0.103423867
-0.850631674
-0.15495544
0.231531357
1.030270738
-0.051892294
-1.469010549
-0.438379091
-0.07765808
0.231531357
-1.675136841
-0.258018586
-0.15495544
-0.103423867
-0.283784372
0.772612873
1.983604837
0.205765571
0.952973378
-1.005226393
-0.696036956
-1.03099218
-1.082523752
-0.283784372
-0.773334315
0.051170852
0.179999784
-3.118020883
0.076936638
-0.824865888
0.669549727
1.030270738
0.386126076
0.618018154
0.772612873
0.875676019
0.411891862
0.179999784
2.086667982
0.28306293
0.669549727
0.540720795
-0.438379091
-0.670271169
-0.232252799
-0.721802742
0.257297144
0.592252368
-0.180721226
-0.541442237
0.772612873
0.205765571
-1.314415831
-0.95369482
-0.386847518
-0.258018586
-0.670271169
-0.567208023
-0.567208023
0.643783941
0.514955008
-0.15495544
0.592252368
-0.232252799
-0.232252799
0.437657649
0.154233998
-0.51567645
-0.309550159
0.257297144
0.746847086
-1.7524342
0.051170852
-0.000360721
0.179999784
0.051170852
0.205765571
0.437657649
0.566486581
-3.556039253
-3.401444534
0.849910232
-0.180721226
0.154233998
0.334594503
-0.876397461
-3.581805039
1.416757534
0.901441805
0.811261553
0.7210813
-0.747568528
-0.000360721
-0.15495544
-0.361081731
0.386126076
-0.489910664
0.669549727
-0.103423867
0.28306293
0.592252368
0.566486581
0.772612873
-0.283784372
0.102702425
0.978739165
0.076936638
-0.412613304
0.540720795
1.030270738
-0.180721226
-1.03099218
-0.773334315
0.927207592
-0.335315945
-0.773334315
-1.185586898
-0.618739596
0.32171161
-0.464144877
-0.464144877
-0.721802742
-0.283784372
0.025405065
-0.773334315
0.695315513
-0.386847518
-0.95369482
0.257297144
0.308828717
1.725946972
0.102702425
-0.95369482
0.257297144
-1.005226393
0.463423435
0.849910232
0.68243262
-0.696036956
1.751712758
-0.59297381
-1.005226393
-0.59297381
-0.95369482
0.489189222
-0.15495544
1.210631243
-0.206487013
0.128468211
0.064053745
0.824144446
0.656666834
1.287928602
-0.438379091
0.205765571
-0.799100101
1.004504951
1.687298292
-1.082523752
0.669549727
-0.747568528
0.927207592
0.643783941
1.236397029
0.205765571
1.210631243
1.030270738
-0.026126507
0.798378659
0.914324698
0.437657649
1.416757534
-0.335315945
0.849910232
0.566486581
0.643783941
0.618018154
0.824144446
0.978739165
1.223514136
0.978739165
0.463423435
0.025405065
0.978739165
2.473154779
0.128468211
0.489189222
1.468289107
1.223514136
0.205765571
0.102702425
1.236397029
-0.799100101
1.287928602
1.365225962
0.927207592
0.772612873
0.231531357
-0.090540974
0.205765571
-0.696036956
0.901441805
0.798378659
0.849910232
0.102702425
-1.314415831
0.24441425
0.437657649
0.308828717
-2.731534086
-2.525407794
-2.499642008
-2.512524901
-2.834597232
-0.464144877
-0.026126507
-0.232252799
0.566486581
-1.185586898
-2.680002513
-1.39171319
-0.464144877
0.824144446
0.643783941
-0.051892294
1.262162816
1.390991748
-0.309550159
0.463423435
0.566486581
1.030270738
0.076936638
-2.035857852
-0.15495544
-0.07765808
1.08180231
0.192882677
1.365225962
0.128468211
-0.051892294
1.59711804
0.128468211
1.107568097
0.24441425
0.076936638
-0.258018586
0.824144446
0.798378659
1.313694389
-1.288650044
1.661532506
-0.489910664
1.416757534
1.339460175
1.004504951
0.798378659
0.489189222
1.622883826
-0.927929034
1.442523321
1.545586467
1.313694389
0.154233998
-0.180721226
-0.000360721
1.08180231
-0.026126507
0.489189222
0.798378659
-0.799100101
1.15909967
1.056036524
-1.365947404
1.262162816
-1.095406646
1.043153631
0.927207592
0.746847086
0.411891862
0.540720795
1.313694389
0.463423435
0.28306293
1.365225962
2.03513641
1.030270738
0.386126076
1.442523321
1.906307477
-1.134055325
1.700181186
0.7210813
0.772612873
1.51982068
1.043153631
1.017387844
0.28306293
1.262162816
1.107568097
0.437657649
1.442523321
1.030270738
0.386126076
1.262162816
1.51982068
0.205765571
0.798378659
0.502072115
-0.59297381
0.334594503
-1.984326279
1.416757534
0.051170852
0.257297144
-0.721802742
0.489189222
-0.670271169
-0.386847518
-0.747568528
1.030270738
0.901441805
2.176848235
0.386126076
0.257297144
0.051170852
0.411891862
-0.051892294
-2.448110435
-2.370813076
